 0.2000000E-02  0.0000000E+00  0.7880826E-28
 0.4000000E-02  0.0000000E+00  0.7880826E-28
 0.6000000E-02  0.1352773E-16  0.4951474E-16
 0.8000000E-02  0.1078242E-14  0.3947296E-14
 0.1000000E-01  0.1697356E-13  0.6213888E-13
 0.1200000E-01  0.1288348E-12  0.4716416E-12
 0.1400000E-01  0.6414937E-12  0.2348275E-11
 0.1600000E-01  0.2423413E-11  0.8870611E-11
 0.1800000E-01  0.7530688E-11  0.2756277E-10
 0.2000000E-01  0.2022993E-10  0.7403515E-10
 0.2200000E-01  0.4854519E-10  0.1776391E-09
 0.2400000E-01  0.1064606E-09  0.3895144E-09
 0.2600000E-01  0.2169135E-09  0.7935183E-09
 0.2800000E-01  0.4157124E-09  0.1520522E-08
 0.3000000E-01  0.7565110E-09  0.2766548E-08
 0.3200000E-01  0.1316964E-08  0.4815192E-08
 0.3400000E-01  0.2206178E-08  0.8064753E-08
 0.3600000E-01  0.3573572E-08  0.1306043E-07
 0.3800000E-01  0.5619230E-08  0.2053195E-07
 0.4000000E-01  0.8605833E-08  0.3143680E-07
 0.4200000E-01  0.1287223E-07  0.4700946E-07
 0.4400000E-01  0.1884870E-07  0.6881651E-07
 0.4600000E-01  0.2707393E-07  0.9881802E-07
 0.4800000E-01  0.3821371E-07  0.1394349E-06
 0.5000000E-01  0.5308138E-07  0.1936225E-06
 0.5200000E-01  0.7265994E-07  0.2649500E-06
 0.5400000E-01  0.9812582E-07  0.3576853E-06
 0.5600000E-01  0.1308743E-06  0.4768864E-06
 0.5800000E-01  0.1725462E-06  0.6284963E-06
 0.6000000E-01  0.2250565E-06  0.8194442E-06
 0.6200000E-01  0.2906236E-06  0.1057750E-05
 0.6400000E-01  0.3718002E-06  0.1352632E-05
 0.6600000E-01  0.4715052E-06  0.1714622E-05
 0.6800000E-01  0.5930559E-06  0.2155674E-05
 0.7000000E-01  0.7402020E-06  0.2689286E-05
 0.7200000E-01  0.9171588E-06  0.3330614E-05
 0.7400000E-01  0.1128642E-05  0.4096592E-05
 0.7600000E-01  0.1379901E-05  0.5006046E-05
 0.7800000E-01  0.1676755E-05  0.6079817E-05
 0.8000000E-01  0.2025624E-05  0.7340867E-05
 0.8200000E-01  0.2433565E-05  0.8814401E-05
 0.8400000E-01  0.2908304E-05  0.1052797E-04
 0.8600000E-01  0.3458267E-05  0.1251156E-04
 0.8800000E-01  0.4092610E-05  0.1479774E-04
 0.9000000E-01  0.4821251E-05  0.1742168E-04
 0.9200000E-01  0.5654895E-05  0.2042132E-04
 0.9400000E-01  0.6605062E-05  0.2383738E-04
 0.9600000E-01  0.7684109E-05  0.2771346E-04
 0.9800000E-01  0.8905252E-05  0.3209613E-04
 0.1000000E+00  0.1028259E-04  0.3703491E-04
 0.1020000E+00  0.1183111E-04  0.4258241E-04
 0.1040000E+00  0.1356672E-04  0.4879425E-04
 0.1060000E+00  0.1550624E-04  0.5572920E-04
 0.1080000E+00  0.1766744E-04  0.6344908E-04
 0.1100000E+00  0.2006899E-04  0.7201885E-04
 0.1120000E+00  0.2273053E-04  0.8150651E-04
 0.1140000E+00  0.2567263E-04  0.9198316E-04
 0.1160000E+00  0.2891679E-04  0.1035229E-03
 0.1180000E+00  0.3248544E-04  0.1162027E-03
 0.1200000E+00  0.3640191E-04  0.1301027E-03
 0.1220000E+00  0.4069044E-04  0.1453055E-03
 0.1240000E+00  0.4537616E-04  0.1618968E-03
 0.1260000E+00  0.5048506E-04  0.1799645E-03
 0.1280000E+00  0.5604394E-04  0.1995994E-03
 0.1300000E+00  0.6208043E-04  0.2208945E-03
 0.1320000E+00  0.6862294E-04  0.2439450E-03
 0.1340000E+00  0.7570059E-04  0.2688483E-03
 0.1360000E+00  0.8334324E-04  0.2957036E-03
 0.1380000E+00  0.9158138E-04  0.3246120E-03
 0.1400000E+00  0.1004461E-03  0.3556760E-03
 0.1420000E+00  0.1099692E-03  0.3889995E-03
 0.1440000E+00  0.1201827E-03  0.4246877E-03
 0.1460000E+00  0.1311194E-03  0.4628466E-03
 0.1480000E+00  0.1428124E-03  0.5035829E-03
 0.1500000E+00  0.1552950E-03  0.5470040E-03
 0.1520000E+00  0.1686010E-03  0.5932173E-03
 0.1540000E+00  0.1827643E-03  0.6423304E-03
 0.1560000E+00  0.1978191E-03  0.6944507E-03
 0.1580000E+00  0.2137996E-03  0.7496850E-03
 0.1600000E+00  0.2307400E-03  0.8081395E-03
 0.1620000E+00  0.2486746E-03  0.8699194E-03
 0.1640000E+00  0.2676375E-03  0.9351285E-03
 0.1660000E+00  0.2876625E-03  0.1003869E-02
 0.1680000E+00  0.3087836E-03  0.1076243E-02
 0.1700000E+00  0.3310340E-03  0.1152347E-02
 0.1720000E+00  0.3544467E-03  0.1232280E-02
 0.1740000E+00  0.3790544E-03  0.1316134E-02
 0.1760000E+00  0.4048891E-03  0.1404000E-02
 0.1780000E+00  0.4319822E-03  0.1495968E-02
 0.1800000E+00  0.4603645E-03  0.1592123E-02
 0.1820000E+00  0.4900662E-03  0.1692544E-02
 0.1840000E+00  0.5211164E-03  0.1797312E-02
 0.1860000E+00  0.5535436E-03  0.1906499E-02
 0.1880000E+00  0.5873754E-03  0.2020176E-02
 0.1900000E+00  0.6226381E-03  0.2138408E-02
 0.1920000E+00  0.6593573E-03  0.2261257E-02
 0.1940000E+00  0.6975574E-03  0.2388778E-02
 0.1960000E+00  0.7372614E-03  0.2521023E-02
 0.1980000E+00  0.7784915E-03  0.2658040E-02
 0.2000000E+00  0.8212683E-03  0.2799869E-02
 0.2020000E+00  0.8656113E-03  0.2946547E-02
 0.2040000E+00  0.9115385E-03  0.3098104E-02
 0.2060000E+00  0.9590665E-03  0.3254566E-02
 0.2080000E+00  0.1008211E-02  0.3415953E-02
 0.2100000E+00  0.1058984E-02  0.3582278E-02
 0.2120000E+00  0.1111400E-02  0.3753549E-02
 0.2140000E+00  0.1165469E-02  0.3929770E-02
 0.2160000E+00  0.1221199E-02  0.4110936E-02
 0.2180000E+00  0.1278598E-02  0.4297039E-02
 0.2200000E+00  0.1337672E-02  0.4488062E-02
 0.2220000E+00  0.1398426E-02  0.4683985E-02
 0.2240000E+00  0.1460862E-02  0.4884780E-02
 0.2260000E+00  0.1524980E-02  0.5090414E-02
 0.2280000E+00  0.1590780E-02  0.5300849E-02
 0.2300000E+00  0.1658261E-02  0.5516040E-02
 0.2320000E+00  0.1727416E-02  0.5735935E-02
 0.2340000E+00  0.1798241E-02  0.5960480E-02
 0.2360000E+00  0.1870729E-02  0.6189611E-02
 0.2380000E+00  0.1944869E-02  0.6423262E-02
 0.2400000E+00  0.2020652E-02  0.6661360E-02
 0.2420000E+00  0.2098065E-02  0.6903826E-02
 0.2440000E+00  0.2177094E-02  0.7150578E-02
 0.2460000E+00  0.2257723E-02  0.7401527E-02
 0.2480000E+00  0.2339935E-02  0.7656581E-02
 0.2500000E+00  0.2423711E-02  0.7915640E-02
 0.2520000E+00  0.2509032E-02  0.8178603E-02
 0.2540000E+00  0.2595875E-02  0.8445364E-02
 0.2560000E+00  0.2684216E-02  0.8715809E-02
 0.2580000E+00  0.2774033E-02  0.8989826E-02
 0.2600000E+00  0.2865297E-02  0.9267294E-02
 0.2620000E+00  0.2957983E-02  0.9548091E-02
 0.2640000E+00  0.3052061E-02  0.9832090E-02
 0.2660000E+00  0.3147502E-02  0.1011916E-01
 0.2680000E+00  0.3244274E-02  0.1040918E-01
 0.2700000E+00  0.3342344E-02  0.1070200E-01
 0.2720000E+00  0.3441681E-02  0.1099749E-01
 0.2740000E+00  0.3542249E-02  0.1129551E-01
 0.2760000E+00  0.3644012E-02  0.1159591E-01
 0.2780000E+00  0.3746935E-02  0.1189855E-01
 0.2800000E+00  0.3850980E-02  0.1220330E-01
 0.2820000E+00  0.3956108E-02  0.1250998E-01
 0.2840000E+00  0.4062281E-02  0.1281847E-01
 0.2860000E+00  0.4169460E-02  0.1312861E-01
 0.2880000E+00  0.4277603E-02  0.1344025E-01
 0.2900000E+00  0.4386669E-02  0.1375324E-01
 0.2920000E+00  0.4496618E-02  0.1406742E-01
 0.2940000E+00  0.4607406E-02  0.1438265E-01
 0.2960000E+00  0.4718992E-02  0.1469877E-01
 0.2980000E+00  0.4831332E-02  0.1501564E-01
 0.3000000E+00  0.4944384E-02  0.1533310E-01
 0.3020000E+00  0.5058103E-02  0.1565099E-01
 0.3040000E+00  0.5172445E-02  0.1596918E-01
 0.3060000E+00  0.5287367E-02  0.1628752E-01
 0.3080000E+00  0.5402825E-02  0.1660585E-01
 0.3100000E+00  0.5518774E-02  0.1692403E-01
 0.3120000E+00  0.5635171E-02  0.1724192E-01
 0.3140000E+00  0.5751970E-02  0.1755937E-01
 0.3160000E+00  0.5869129E-02  0.1787625E-01
 0.3180000E+00  0.5986602E-02  0.1819241E-01
 0.3200000E+00  0.6104347E-02  0.1850772E-01
 0.3220000E+00  0.6222320E-02  0.1882205E-01
 0.3240000E+00  0.6340477E-02  0.1913527E-01
 0.3260000E+00  0.6458776E-02  0.1944724E-01
 0.3280000E+00  0.6577174E-02  0.1975785E-01
 0.3300000E+00  0.6695630E-02  0.2006696E-01
 0.3320000E+00  0.6814101E-02  0.2037446E-01
 0.3340000E+00  0.6932547E-02  0.2068024E-01
 0.3360000E+00  0.7050926E-02  0.2098417E-01
 0.3380000E+00  0.7169200E-02  0.2128615E-01
 0.3400000E+00  0.7287328E-02  0.2158607E-01
 0.3420000E+00  0.7405271E-02  0.2188383E-01
 0.3440000E+00  0.7522993E-02  0.2217934E-01
 0.3460000E+00  0.7640455E-02  0.2247248E-01
 0.3480000E+00  0.7757620E-02  0.2276317E-01
 0.3500000E+00  0.7874453E-02  0.2305133E-01
 0.3520000E+00  0.7990919E-02  0.2333686E-01
 0.3540000E+00  0.8106983E-02  0.2361968E-01
 0.3560000E+00  0.8222613E-02  0.2389972E-01
 0.3580000E+00  0.8337775E-02  0.2417691E-01
 0.3600000E+00  0.8452438E-02  0.2445116E-01
 0.3620000E+00  0.8566571E-02  0.2472243E-01
 0.3640000E+00  0.8680144E-02  0.2499063E-01
 0.3660000E+00  0.8793128E-02  0.2525573E-01
 0.3680000E+00  0.8905495E-02  0.2551765E-01
 0.3700000E+00  0.9017219E-02  0.2577635E-01
 0.3720000E+00  0.9128272E-02  0.2603179E-01
 0.3740000E+00  0.9238630E-02  0.2628392E-01
 0.3760000E+00  0.9348269E-02  0.2653269E-01
 0.3780000E+00  0.9457166E-02  0.2677808E-01
 0.3800000E+00  0.9565298E-02  0.2702005E-01
 0.3820000E+00  0.9672644E-02  0.2725857E-01
 0.3840000E+00  0.9779184E-02  0.2749362E-01
 0.3860000E+00  0.9884898E-02  0.2772518E-01
 0.3880000E+00  0.9989769E-02  0.2795322E-01
 0.3900000E+00  0.1009378E-01  0.2817774E-01
 0.3920000E+00  0.1019691E-01  0.2839871E-01
 0.3940000E+00  0.1029915E-01  0.2861615E-01
 0.3960000E+00  0.1040049E-01  0.2883003E-01
 0.3980000E+00  0.1050090E-01  0.2904035E-01
 0.4000000E+00  0.1060038E-01  0.2924713E-01
 0.4020000E+00  0.1069892E-01  0.2945036E-01
 0.4040000E+00  0.1079651E-01  0.2965005E-01
 0.4060000E+00  0.1089313E-01  0.2984621E-01
 0.4080000E+00  0.1098877E-01  0.3003886E-01
 0.4100000E+00  0.1108344E-01  0.3022800E-01
 0.4120000E+00  0.1117712E-01  0.3041367E-01
 0.4140000E+00  0.1126981E-01  0.3059587E-01
 0.4160000E+00  0.1136150E-01  0.3077464E-01
 0.4180000E+00  0.1145219E-01  0.3095000E-01
 0.4200000E+00  0.1154188E-01  0.3112197E-01
 0.4220000E+00  0.1163055E-01  0.3129060E-01
 0.4240000E+00  0.1171822E-01  0.3145590E-01
 0.4260000E+00  0.1180488E-01  0.3161793E-01
 0.4280000E+00  0.1189052E-01  0.3177670E-01
 0.4300000E+00  0.1197516E-01  0.3193227E-01
 0.4320000E+00  0.1205879E-01  0.3208466E-01
 0.4340000E+00  0.1214141E-01  0.3223394E-01
 0.4360000E+00  0.1222303E-01  0.3238013E-01
 0.4380000E+00  0.1230365E-01  0.3252329E-01
 0.4400000E+00  0.1238327E-01  0.3266345E-01
 0.4420000E+00  0.1246191E-01  0.3280068E-01
 0.4440000E+00  0.1253956E-01  0.3293502E-01
 0.4460000E+00  0.1261623E-01  0.3306652E-01
 0.4480000E+00  0.1269192E-01  0.3319523E-01
 0.4500000E+00  0.1276666E-01  0.3332121E-01
 0.4520000E+00  0.1284043E-01  0.3344452E-01
 0.4540000E+00  0.1291326E-01  0.3356520E-01
 0.4560000E+00  0.1298515E-01  0.3368331E-01
 0.4580000E+00  0.1305611E-01  0.3379892E-01
 0.4600000E+00  0.1312615E-01  0.3391207E-01
 0.4620000E+00  0.1319528E-01  0.3402283E-01
 0.4640000E+00  0.1326351E-01  0.3413127E-01
 0.4660000E+00  0.1333085E-01  0.3423742E-01
 0.4680000E+00  0.1339731E-01  0.3434137E-01
 0.4700000E+00  0.1346292E-01  0.3444317E-01
 0.4720000E+00  0.1352767E-01  0.3454288E-01
 0.4740000E+00  0.1359158E-01  0.3464056E-01
 0.4760000E+00  0.1365467E-01  0.3473628E-01
 0.4780000E+00  0.1371695E-01  0.3483009E-01
 0.4800000E+00  0.1377843E-01  0.3492207E-01
 0.4820000E+00  0.1383912E-01  0.3501227E-01
 0.4840000E+00  0.1389905E-01  0.3510075E-01
 0.4860000E+00  0.1395822E-01  0.3518758E-01
 0.4880000E+00  0.1401665E-01  0.3527282E-01
 0.4900000E+00  0.1407436E-01  0.3535654E-01
 0.4920000E+00  0.1413136E-01  0.3543879E-01
 0.4940000E+00  0.1418766E-01  0.3551965E-01
 0.4960000E+00  0.1424329E-01  0.3559916E-01
 0.4980000E+00  0.1429826E-01  0.3567740E-01
 0.5000000E+00  0.1435257E-01  0.3575442E-01
 0.5020000E+00  0.1440626E-01  0.3583030E-01
 0.5040000E+00  0.1445934E-01  0.3590508E-01
 0.5060000E+00  0.1451181E-01  0.3597883E-01
 0.5080000E+00  0.1456371E-01  0.3605161E-01
 0.5100000E+00  0.1461504E-01  0.3612349E-01
 0.5120000E+00  0.1466583E-01  0.3619451E-01
 0.5140000E+00  0.1471608E-01  0.3626475E-01
 0.5160000E+00  0.1476582E-01  0.3633425E-01
 0.5180000E+00  0.1481506E-01  0.3640309E-01
 0.5200000E+00  0.1486382E-01  0.3647131E-01
 0.5220000E+00  0.1491212E-01  0.3653897E-01
 0.5240000E+00  0.1495997E-01  0.3660613E-01
 0.5260000E+00  0.1500739E-01  0.3667285E-01
 0.5280000E+00  0.1505440E-01  0.3673919E-01
 0.5300000E+00  0.1510102E-01  0.3680519E-01
 0.5320000E+00  0.1514725E-01  0.3687092E-01
 0.5340000E+00  0.1519312E-01  0.3693642E-01
 0.5360000E+00  0.1523865E-01  0.3700176E-01
 0.5380000E+00  0.1528385E-01  0.3706697E-01
 0.5400000E+00  0.1532873E-01  0.3713212E-01
 0.5420000E+00  0.1537332E-01  0.3719726E-01
 0.5440000E+00  0.1541763E-01  0.3726244E-01
 0.5460000E+00  0.1546168E-01  0.3732771E-01
 0.5480000E+00  0.1550548E-01  0.3739311E-01
 0.5500000E+00  0.1554905E-01  0.3745870E-01
 0.5520000E+00  0.1559241E-01  0.3752452E-01
 0.5540000E+00  0.1563556E-01  0.3759063E-01
 0.5560000E+00  0.1567854E-01  0.3765706E-01
 0.5580000E+00  0.1572135E-01  0.3772387E-01
 0.5600000E+00  0.1576401E-01  0.3779110E-01
 0.5620000E+00  0.1580654E-01  0.3785880E-01
 0.5640000E+00  0.1584895E-01  0.3792700E-01
 0.5660000E+00  0.1589125E-01  0.3799576E-01
 0.5680000E+00  0.1593346E-01  0.3806512E-01
 0.5700000E+00  0.1597561E-01  0.3813511E-01
 0.5720000E+00  0.1601769E-01  0.3820577E-01
 0.5740000E+00  0.1605973E-01  0.3827716E-01
 0.5760000E+00  0.1610174E-01  0.3834931E-01
 0.5780000E+00  0.1614373E-01  0.3842226E-01
 0.5800000E+00  0.1618572E-01  0.3849604E-01
 0.5820000E+00  0.1622773E-01  0.3857070E-01
 0.5840000E+00  0.1626977E-01  0.3864627E-01
 0.5860000E+00  0.1631185E-01  0.3872278E-01
 0.5880000E+00  0.1635398E-01  0.3880029E-01
 0.5900000E+00  0.1639618E-01  0.3887881E-01
 0.5920000E+00  0.1643847E-01  0.3895839E-01
 0.5940000E+00  0.1648085E-01  0.3903906E-01
 0.5960000E+00  0.1652334E-01  0.3912085E-01
 0.5980000E+00  0.1656595E-01  0.3920379E-01
 0.6000000E+00  0.1660869E-01  0.3928792E-01
 0.6020000E+00  0.1665159E-01  0.3937327E-01
 0.6040000E+00  0.1669464E-01  0.3945987E-01
 0.6060000E+00  0.1673786E-01  0.3954775E-01
 0.6080000E+00  0.1678127E-01  0.3963694E-01
 0.6100000E+00  0.1682488E-01  0.3972747E-01
 0.6120000E+00  0.1686869E-01  0.3981936E-01
 0.6140000E+00  0.1691272E-01  0.3991265E-01
 0.6160000E+00  0.1695698E-01  0.4000736E-01
 0.6180000E+00  0.1700148E-01  0.4010352E-01
 0.6200000E+00  0.1704624E-01  0.4020115E-01
 0.6220000E+00  0.1709126E-01  0.4030029E-01
 0.6240000E+00  0.1713655E-01  0.4040095E-01
 0.6260000E+00  0.1718213E-01  0.4050316E-01
 0.6280000E+00  0.1722800E-01  0.4060694E-01
 0.6300000E+00  0.1727418E-01  0.4071232E-01
 0.6320000E+00  0.1732067E-01  0.4081933E-01
 0.6340000E+00  0.1736749E-01  0.4092797E-01
 0.6360000E+00  0.1741465E-01  0.4103829E-01
 0.6380000E+00  0.1746215E-01  0.4115028E-01
 0.6400000E+00  0.1751000E-01  0.4126399E-01
 0.6420000E+00  0.1755821E-01  0.4137942E-01
 0.6440000E+00  0.1760680E-01  0.4149660E-01
 0.6460000E+00  0.1765577E-01  0.4161555E-01
 0.6480000E+00  0.1770513E-01  0.4173628E-01
 0.6500000E+00  0.1775489E-01  0.4185881E-01
 0.6520000E+00  0.1780505E-01  0.4198317E-01
 0.6540000E+00  0.1785563E-01  0.4210937E-01
 0.6560000E+00  0.1790663E-01  0.4223742E-01
 0.6580000E+00  0.1795806E-01  0.4236735E-01
 0.6600000E+00  0.1800993E-01  0.4249916E-01
 0.6620000E+00  0.1806224E-01  0.4263288E-01
 0.6640000E+00  0.1811501E-01  0.4276852E-01
 0.6660000E+00  0.1816824E-01  0.4290609E-01
 0.6680000E+00  0.1822194E-01  0.4304561E-01
 0.6700000E+00  0.1827611E-01  0.4318710E-01
 0.6720000E+00  0.1833076E-01  0.4333055E-01
 0.6740000E+00  0.1838590E-01  0.4347600E-01
 0.6760000E+00  0.1844154E-01  0.4362345E-01
 0.6780000E+00  0.1849767E-01  0.4377291E-01
 0.6800000E+00  0.1855432E-01  0.4392440E-01
 0.6820000E+00  0.1861147E-01  0.4407792E-01
 0.6840000E+00  0.1866915E-01  0.4423349E-01
 0.6860000E+00  0.1872735E-01  0.4439111E-01
 0.6880000E+00  0.1878608E-01  0.4455081E-01
 0.6900000E+00  0.1884534E-01  0.4471258E-01
 0.6920000E+00  0.1890515E-01  0.4487643E-01
 0.6940000E+00  0.1896550E-01  0.4504238E-01
 0.6960000E+00  0.1902641E-01  0.4521043E-01
 0.6980000E+00  0.1908787E-01  0.4538060E-01
 0.7000000E+00  0.1914989E-01  0.4555288E-01
 0.7020000E+00  0.1921247E-01  0.4572729E-01
 0.7040000E+00  0.1927563E-01  0.4590383E-01
 0.7060000E+00  0.1933936E-01  0.4608250E-01
 0.7080000E+00  0.1940367E-01  0.4626332E-01
 0.7100000E+00  0.1946855E-01  0.4644630E-01
 0.7120000E+00  0.1953403E-01  0.4663142E-01
 0.7140000E+00  0.1960009E-01  0.4681871E-01
 0.7160000E+00  0.1966675E-01  0.4700816E-01
 0.7180000E+00  0.1973401E-01  0.4719977E-01
 0.7200000E+00  0.1980186E-01  0.4739356E-01
 0.7220000E+00  0.1987032E-01  0.4758952E-01
 0.7240000E+00  0.1993938E-01  0.4778766E-01
 0.7260000E+00  0.2000906E-01  0.4798798E-01
 0.7280000E+00  0.2007934E-01  0.4819048E-01
 0.7300000E+00  0.2015024E-01  0.4839517E-01
 0.7320000E+00  0.2022176E-01  0.4860203E-01
 0.7340000E+00  0.2029390E-01  0.4881109E-01
 0.7360000E+00  0.2036665E-01  0.4902232E-01
 0.7380000E+00  0.2044004E-01  0.4923575E-01
 0.7400000E+00  0.2051404E-01  0.4945135E-01
 0.7420000E+00  0.2058868E-01  0.4966914E-01
 0.7440000E+00  0.2066395E-01  0.4988912E-01
 0.7460000E+00  0.2073984E-01  0.5011127E-01
 0.7480000E+00  0.2081637E-01  0.5033561E-01
 0.7500000E+00  0.2089353E-01  0.5056212E-01
 0.7520000E+00  0.2097133E-01  0.5079080E-01
 0.7540000E+00  0.2104977E-01  0.5102166E-01
 0.7560000E+00  0.2112884E-01  0.5125468E-01
 0.7580000E+00  0.2120855E-01  0.5148986E-01
 0.7600000E+00  0.2128890E-01  0.5172721E-01
 0.7620000E+00  0.2136988E-01  0.5196671E-01
 0.7640000E+00  0.2145151E-01  0.5220835E-01
 0.7660000E+00  0.2153378E-01  0.5245214E-01
 0.7680000E+00  0.2161669E-01  0.5269807E-01
 0.7700000E+00  0.2170024E-01  0.5294613E-01
 0.7720000E+00  0.2178443E-01  0.5319631E-01
 0.7740000E+00  0.2186926E-01  0.5344861E-01
 0.7760000E+00  0.2195472E-01  0.5370302E-01
 0.7780000E+00  0.2204083E-01  0.5395953E-01
 0.7800000E+00  0.2212758E-01  0.5421814E-01
 0.7820000E+00  0.2221497E-01  0.5447883E-01
 0.7840000E+00  0.2230299E-01  0.5474159E-01
 0.7860000E+00  0.2239165E-01  0.5500643E-01
 0.7880000E+00  0.2248095E-01  0.5527331E-01
 0.7900000E+00  0.2257088E-01  0.5554225E-01
 0.7920000E+00  0.2266145E-01  0.5581322E-01
 0.7940000E+00  0.2275264E-01  0.5608621E-01
 0.7960000E+00  0.2284447E-01  0.5636122E-01
 0.7980000E+00  0.2293693E-01  0.5663822E-01
 0.8000000E+00  0.2303001E-01  0.5691722E-01
 0.8020000E+00  0.2312372E-01  0.5719819E-01
 0.8040000E+00  0.2321805E-01  0.5748113E-01
 0.8060000E+00  0.2331300E-01  0.5776601E-01
 0.8080000E+00  0.2340858E-01  0.5805283E-01
 0.8100000E+00  0.2350477E-01  0.5834157E-01
 0.8120000E+00  0.2360157E-01  0.5863222E-01
 0.8140000E+00  0.2369899E-01  0.5892476E-01
 0.8160000E+00  0.2379701E-01  0.5921918E-01
 0.8180000E+00  0.2389564E-01  0.5951546E-01
 0.8200000E+00  0.2399488E-01  0.5981358E-01
 0.8220000E+00  0.2409471E-01  0.6011354E-01
 0.8240000E+00  0.2419514E-01  0.6041530E-01
 0.8260000E+00  0.2429617E-01  0.6071886E-01
 0.8280000E+00  0.2439779E-01  0.6102420E-01
 0.8300000E+00  0.2449999E-01  0.6133130E-01
 0.8320000E+00  0.2460278E-01  0.6164013E-01
 0.8340000E+00  0.2470615E-01  0.6195069E-01
 0.8360000E+00  0.2481010E-01  0.6226296E-01
 0.8380000E+00  0.2491461E-01  0.6257690E-01
 0.8400000E+00  0.2501970E-01  0.6289252E-01
 0.8420000E+00  0.2512535E-01  0.6320977E-01
 0.8440000E+00  0.2523156E-01  0.6352865E-01
 0.8460000E+00  0.2533833E-01  0.6384914E-01
 0.8480000E+00  0.2544564E-01  0.6417120E-01
 0.8500000E+00  0.2555351E-01  0.6449483E-01
 0.8520000E+00  0.2566191E-01  0.6481999E-01
 0.8540000E+00  0.2577086E-01  0.6514668E-01
 0.8560000E+00  0.2588033E-01  0.6547485E-01
 0.8580000E+00  0.2599034E-01  0.6580450E-01
 0.8600000E+00  0.2610086E-01  0.6613560E-01
 0.8620000E+00  0.2621191E-01  0.6646813E-01
 0.8640000E+00  0.2632346E-01  0.6680205E-01
 0.8660000E+00  0.2643553E-01  0.6713736E-01
 0.8680000E+00  0.2654809E-01  0.6747402E-01
 0.8700000E+00  0.2666115E-01  0.6781201E-01
 0.8720000E+00  0.2677470E-01  0.6815130E-01
 0.8740000E+00  0.2688873E-01  0.6849187E-01
 0.8760000E+00  0.2700324E-01  0.6883370E-01
 0.8780000E+00  0.2711823E-01  0.6917676E-01
 0.8800000E+00  0.2723368E-01  0.6952102E-01
 0.8820000E+00  0.2734959E-01  0.6986645E-01
 0.8840000E+00  0.2746596E-01  0.7021304E-01
 0.8860000E+00  0.2758277E-01  0.7056075E-01
 0.8880000E+00  0.2770003E-01  0.7090956E-01
 0.8900000E+00  0.2781772E-01  0.7125944E-01
 0.8920000E+00  0.2793584E-01  0.7161036E-01
 0.8940000E+00  0.2805438E-01  0.7196230E-01
 0.8960000E+00  0.2817333E-01  0.7231522E-01
 0.8980000E+00  0.2829270E-01  0.7266911E-01
 0.9000000E+00  0.2841246E-01  0.7302392E-01
 0.9020000E+00  0.2853262E-01  0.7337964E-01
 0.9040000E+00  0.2865317E-01  0.7373624E-01
 0.9060000E+00  0.2877410E-01  0.7409368E-01
 0.9080000E+00  0.2889540E-01  0.7445193E-01
 0.9100000E+00  0.2901706E-01  0.7481098E-01
 0.9120000E+00  0.2913909E-01  0.7517078E-01
 0.9140000E+00  0.2926146E-01  0.7553132E-01
 0.9160000E+00  0.2938418E-01  0.7589255E-01
 0.9180000E+00  0.2950724E-01  0.7625445E-01
 0.9200000E+00  0.2963062E-01  0.7661700E-01
 0.9220000E+00  0.2975433E-01  0.7698016E-01
 0.9240000E+00  0.2987834E-01  0.7734389E-01
 0.9260000E+00  0.3000267E-01  0.7770818E-01
 0.9280000E+00  0.3012729E-01  0.7807299E-01
 0.9300000E+00  0.3025219E-01  0.7843829E-01
 0.9320000E+00  0.3037738E-01  0.7880405E-01
 0.9340000E+00  0.3050285E-01  0.7917024E-01
 0.9360000E+00  0.3062858E-01  0.7953682E-01
 0.9380000E+00  0.3075456E-01  0.7990378E-01
 0.9400000E+00  0.3088080E-01  0.8027108E-01
 0.9420000E+00  0.3100727E-01  0.8063868E-01
 0.9440000E+00  0.3113398E-01  0.8100656E-01
 0.9460000E+00  0.3126091E-01  0.8137468E-01
 0.9480000E+00  0.3138806E-01  0.8174302E-01
 0.9500000E+00  0.3151541E-01  0.8211155E-01
 0.9520000E+00  0.3164296E-01  0.8248022E-01
 0.9540000E+00  0.3177070E-01  0.8284903E-01
 0.9560000E+00  0.3189863E-01  0.8321792E-01
 0.9580000E+00  0.3202672E-01  0.8358688E-01
 0.9600000E+00  0.3215498E-01  0.8395586E-01
 0.9620000E+00  0.3228340E-01  0.8432485E-01
 0.9640000E+00  0.3241196E-01  0.8469381E-01
 0.9660000E+00  0.3254066E-01  0.8506271E-01
 0.9680000E+00  0.3266950E-01  0.8543151E-01
 0.9700000E+00  0.3279845E-01  0.8580020E-01
 0.9720000E+00  0.3292751E-01  0.8616873E-01
 0.9740000E+00  0.3305668E-01  0.8653708E-01
 0.9760000E+00  0.3318594E-01  0.8690522E-01
 0.9780000E+00  0.3331529E-01  0.8727312E-01
 0.9800000E+00  0.3344471E-01  0.8764074E-01
 0.9820000E+00  0.3357420E-01  0.8800807E-01
 0.9840000E+00  0.3370375E-01  0.8837506E-01
 0.9860000E+00  0.3383335E-01  0.8874169E-01
 0.9880000E+00  0.3396299E-01  0.8910793E-01
 0.9900000E+00  0.3409267E-01  0.8947375E-01
 0.9920000E+00  0.3422236E-01  0.8983913E-01
 0.9940000E+00  0.3435207E-01  0.9020402E-01
 0.9960000E+00  0.3448179E-01  0.9056841E-01
 0.9980000E+00  0.3461150E-01  0.9093227E-01
 0.1000000E+01  0.3474120E-01  0.9129556E-01
 0.1002000E+01  0.3487088E-01  0.9165826E-01
 0.1004000E+01  0.3500053E-01  0.9202034E-01
 0.1006000E+01  0.3513014E-01  0.9238177E-01
 0.1008000E+01  0.3525971E-01  0.9274253E-01
 0.1010000E+01  0.3538921E-01  0.9310259E-01
 0.1012000E+01  0.3551865E-01  0.9346192E-01
 0.1014000E+01  0.3564802E-01  0.9382049E-01
 0.1016000E+01  0.3577730E-01  0.9417828E-01
 0.1018000E+01  0.3590649E-01  0.9453526E-01
 0.1020000E+01  0.3603559E-01  0.9489141E-01
 0.1022000E+01  0.3616457E-01  0.9524669E-01
 0.1024000E+01  0.3629343E-01  0.9560109E-01
 0.1026000E+01  0.3642217E-01  0.9595458E-01
 0.1028000E+01  0.3655077E-01  0.9630713E-01
 0.1030000E+01  0.3667923E-01  0.9665872E-01
 0.1032000E+01  0.3680753E-01  0.9700932E-01
 0.1034000E+01  0.3693568E-01  0.9735891E-01
 0.1036000E+01  0.3706365E-01  0.9770747E-01
 0.1038000E+01  0.3719145E-01  0.9805497E-01
 0.1040000E+01  0.3731906E-01  0.9840138E-01
 0.1042000E+01  0.3744647E-01  0.9874670E-01
 0.1044000E+01  0.3757368E-01  0.9909088E-01
 0.1046000E+01  0.3770069E-01  0.9943392E-01
 0.1048000E+01  0.3782747E-01  0.9977579E-01
 0.1050000E+01  0.3795402E-01  0.1001165E+00
 0.1052000E+01  0.3808034E-01  0.1004559E+00
 0.1054000E+01  0.3820641E-01  0.1007941E+00
 0.1056000E+01  0.3833223E-01  0.1011311E+00
 0.1058000E+01  0.3845779E-01  0.1014668E+00
 0.1060000E+01  0.3858309E-01  0.1018012E+00
 0.1062000E+01  0.3870811E-01  0.1021343E+00
 0.1064000E+01  0.3883284E-01  0.1024660E+00
 0.1066000E+01  0.3895728E-01  0.1027964E+00
 0.1068000E+01  0.3908143E-01  0.1031254E+00
 0.1070000E+01  0.3920526E-01  0.1034531E+00
 0.1072000E+01  0.3932879E-01  0.1037793E+00
 0.1074000E+01  0.3945199E-01  0.1041041E+00
 0.1076000E+01  0.3957486E-01  0.1044274E+00
 0.1078000E+01  0.3969740E-01  0.1047493E+00
 0.1080000E+01  0.3981959E-01  0.1050698E+00
 0.1082000E+01  0.3994144E-01  0.1053887E+00
 0.1084000E+01  0.4006292E-01  0.1057061E+00
 0.1086000E+01  0.4018404E-01  0.1060220E+00
 0.1088000E+01  0.4030479E-01  0.1063364E+00
 0.1090000E+01  0.4042516E-01  0.1066492E+00
 0.1092000E+01  0.4054514E-01  0.1069604E+00
 0.1094000E+01  0.4066473E-01  0.1072701E+00
 0.1096000E+01  0.4078393E-01  0.1075782E+00
 0.1098000E+01  0.4090272E-01  0.1078846E+00
 0.1100000E+01  0.4102109E-01  0.1081895E+00
 0.1102000E+01  0.4113905E-01  0.1084927E+00
 0.1104000E+01  0.4125658E-01  0.1087943E+00
 0.1106000E+01  0.4137369E-01  0.1090942E+00
 0.1108000E+01  0.4149035E-01  0.1093925E+00
 0.1110000E+01  0.4160658E-01  0.1096891E+00
 0.1112000E+01  0.4172235E-01  0.1099840E+00
 0.1114000E+01  0.4183767E-01  0.1102772E+00
 0.1116000E+01  0.4195253E-01  0.1105687E+00
 0.1118000E+01  0.4206693E-01  0.1108585E+00
 0.1120000E+01  0.4218085E-01  0.1111466E+00
 0.1122000E+01  0.4229430E-01  0.1114330E+00
 0.1124000E+01  0.4240726E-01  0.1117176E+00
 0.1126000E+01  0.4251974E-01  0.1120005E+00
 0.1128000E+01  0.4263172E-01  0.1122816E+00
 0.1130000E+01  0.4274320E-01  0.1125610E+00
 0.1132000E+01  0.4285419E-01  0.1128386E+00
 0.1134000E+01  0.4296466E-01  0.1131144E+00
 0.1136000E+01  0.4307462E-01  0.1133885E+00
 0.1138000E+01  0.4318407E-01  0.1136608E+00
 0.1140000E+01  0.4329299E-01  0.1139313E+00
 0.1142000E+01  0.4340139E-01  0.1142000E+00
 0.1144000E+01  0.4350925E-01  0.1144670E+00
 0.1146000E+01  0.4361658E-01  0.1147321E+00
 0.1148000E+01  0.4372337E-01  0.1149955E+00
 0.1150000E+01  0.4382962E-01  0.1152570E+00
 0.1152000E+01  0.4393532E-01  0.1155168E+00
 0.1154000E+01  0.4404047E-01  0.1157747E+00
 0.1156000E+01  0.4414506E-01  0.1160308E+00
 0.1158000E+01  0.4424910E-01  0.1162851E+00
 0.1160000E+01  0.4435257E-01  0.1165377E+00
 0.1162000E+01  0.4445547E-01  0.1167884E+00
 0.1164000E+01  0.4455781E-01  0.1170373E+00
 0.1166000E+01  0.4465958E-01  0.1172843E+00
 0.1168000E+01  0.4476076E-01  0.1175296E+00
 0.1170000E+01  0.4486137E-01  0.1177731E+00
 0.1172000E+01  0.4496140E-01  0.1180148E+00
 0.1174000E+01  0.4506085E-01  0.1182546E+00
 0.1176000E+01  0.4515970E-01  0.1184927E+00
 0.1178000E+01  0.4525797E-01  0.1187289E+00
 0.1180000E+01  0.4535564E-01  0.1189634E+00
 0.1182000E+01  0.4545272E-01  0.1191960E+00
 0.1184000E+01  0.4554920E-01  0.1194269E+00
 0.1186000E+01  0.4564508E-01  0.1196560E+00
 0.1188000E+01  0.4574036E-01  0.1198832E+00
 0.1190000E+01  0.4583503E-01  0.1201087E+00
 0.1192000E+01  0.4592910E-01  0.1203325E+00
 0.1194000E+01  0.4602256E-01  0.1205544E+00
 0.1196000E+01  0.4611541E-01  0.1207746E+00
 0.1198000E+01  0.4620765E-01  0.1209930E+00
 0.1200000E+01  0.4629927E-01  0.1212097E+00
 0.1202000E+01  0.4639029E-01  0.1214246E+00
 0.1204000E+01  0.4648068E-01  0.1216377E+00
 0.1206000E+01  0.4657046E-01  0.1218491E+00
 0.1208000E+01  0.4665962E-01  0.1220588E+00
 0.1210000E+01  0.4674816E-01  0.1222668E+00
 0.1212000E+01  0.4683608E-01  0.1224730E+00
 0.1214000E+01  0.4692338E-01  0.1226775E+00
 0.1216000E+01  0.4701006E-01  0.1228803E+00
 0.1218000E+01  0.4709612E-01  0.1230814E+00
 0.1220000E+01  0.4718155E-01  0.1232809E+00
 0.1222000E+01  0.4726636E-01  0.1234786E+00
 0.1224000E+01  0.4735054E-01  0.1236747E+00
 0.1226000E+01  0.4743410E-01  0.1238691E+00
 0.1228000E+01  0.4751704E-01  0.1240618E+00
 0.1230000E+01  0.4759935E-01  0.1242529E+00
 0.1232000E+01  0.4768103E-01  0.1244423E+00
 0.1234000E+01  0.4776209E-01  0.1246302E+00
 0.1236000E+01  0.4784253E-01  0.1248164E+00
 0.1238000E+01  0.4792234E-01  0.1250010E+00
 0.1240000E+01  0.4800152E-01  0.1251839E+00
 0.1242000E+01  0.4808008E-01  0.1253653E+00
 0.1244000E+01  0.4815802E-01  0.1255452E+00
 0.1246000E+01  0.4823534E-01  0.1257234E+00
 0.1248000E+01  0.4831203E-01  0.1259001E+00
 0.1250000E+01  0.4838810E-01  0.1260752E+00
 0.1252000E+01  0.4846356E-01  0.1262488E+00
 0.1254000E+01  0.4853839E-01  0.1264209E+00
 0.1256000E+01  0.4861260E-01  0.1265915E+00
 0.1258000E+01  0.4868619E-01  0.1267605E+00
 0.1260000E+01  0.4875917E-01  0.1269281E+00
 0.1262000E+01  0.4883153E-01  0.1270942E+00
 0.1264000E+01  0.4890328E-01  0.1272588E+00
 0.1266000E+01  0.4897441E-01  0.1274220E+00
 0.1268000E+01  0.4904494E-01  0.1275837E+00
 0.1270000E+01  0.4911485E-01  0.1277440E+00
 0.1272000E+01  0.4918415E-01  0.1279028E+00
 0.1274000E+01  0.4925285E-01  0.1280603E+00
 0.1276000E+01  0.4932094E-01  0.1282164E+00
 0.1278000E+01  0.4938843E-01  0.1283710E+00
 0.1280000E+01  0.4945532E-01  0.1285243E+00
 0.1282000E+01  0.4952160E-01  0.1286763E+00
 0.1284000E+01  0.4958729E-01  0.1288269E+00
 0.1286000E+01  0.4965239E-01  0.1289762E+00
 0.1288000E+01  0.4971689E-01  0.1291241E+00
 0.1290000E+01  0.4978079E-01  0.1292708E+00
 0.1292000E+01  0.4984411E-01  0.1294161E+00
 0.1294000E+01  0.4990684E-01  0.1295602E+00
 0.1296000E+01  0.4996899E-01  0.1297030E+00
 0.1298000E+01  0.5003056E-01  0.1298445E+00
 0.1300000E+01  0.5009154E-01  0.1299849E+00
 0.1302000E+01  0.5015195E-01  0.1301239E+00
 0.1304000E+01  0.5021178E-01  0.1302618E+00
 0.1306000E+01  0.5027105E-01  0.1303985E+00
 0.1308000E+01  0.5032974E-01  0.1305340E+00
 0.1310000E+01  0.5038786E-01  0.1306683E+00
 0.1312000E+01  0.5044542E-01  0.1308015E+00
 0.1314000E+01  0.5050242E-01  0.1309335E+00
 0.1316000E+01  0.5055887E-01  0.1310644E+00
 0.1318000E+01  0.5061475E-01  0.1311941E+00
 0.1320000E+01  0.5067009E-01  0.1313228E+00
 0.1322000E+01  0.5072487E-01  0.1314503E+00
 0.1324000E+01  0.5077911E-01  0.1315768E+00
 0.1326000E+01  0.5083281E-01  0.1317022E+00
 0.1328000E+01  0.5088596E-01  0.1318266E+00
 0.1330000E+01  0.5093858E-01  0.1319500E+00
 0.1332000E+01  0.5099067E-01  0.1320723E+00
 0.1334000E+01  0.5104222E-01  0.1321936E+00
 0.1336000E+01  0.5109325E-01  0.1323139E+00
 0.1338000E+01  0.5114376E-01  0.1324332E+00
 0.1340000E+01  0.5119374E-01  0.1325515E+00
 0.1342000E+01  0.5124321E-01  0.1326689E+00
 0.1344000E+01  0.5129216E-01  0.1327854E+00
 0.1346000E+01  0.5134060E-01  0.1329009E+00
 0.1348000E+01  0.5138854E-01  0.1330155E+00
 0.1350000E+01  0.5143598E-01  0.1331293E+00
 0.1352000E+01  0.5148291E-01  0.1332421E+00
 0.1354000E+01  0.5152935E-01  0.1333540E+00
 0.1356000E+01  0.5157530E-01  0.1334651E+00
 0.1358000E+01  0.5162076E-01  0.1335753E+00
 0.1360000E+01  0.5166573E-01  0.1336847E+00
 0.1362000E+01  0.5171022E-01  0.1337933E+00
 0.1364000E+01  0.5175424E-01  0.1339011E+00
 0.1366000E+01  0.5179778E-01  0.1340080E+00
 0.1368000E+01  0.5184085E-01  0.1341142E+00
 0.1370000E+01  0.5188346E-01  0.1342196E+00
 0.1372000E+01  0.5192560E-01  0.1343243E+00
 0.1374000E+01  0.5196728E-01  0.1344282E+00
 0.1376000E+01  0.5200851E-01  0.1345314E+00
 0.1378000E+01  0.5204929E-01  0.1346338E+00
 0.1380000E+01  0.5208962E-01  0.1347356E+00
 0.1382000E+01  0.5212951E-01  0.1348366E+00
 0.1384000E+01  0.5216896E-01  0.1349370E+00
 0.1386000E+01  0.5220797E-01  0.1350367E+00
 0.1388000E+01  0.5224656E-01  0.1351357E+00
 0.1390000E+01  0.5228471E-01  0.1352341E+00
 0.1392000E+01  0.5232244E-01  0.1353319E+00
 0.1394000E+01  0.5235975E-01  0.1354290E+00
 0.1396000E+01  0.5239665E-01  0.1355255E+00
 0.1398000E+01  0.5243313E-01  0.1356214E+00
 0.1400000E+01  0.5246921E-01  0.1357168E+00
 0.1402000E+01  0.5250488E-01  0.1358115E+00
 0.1404000E+01  0.5254016E-01  0.1359057E+00
 0.1406000E+01  0.5257504E-01  0.1359993E+00
 0.1408000E+01  0.5260952E-01  0.1360924E+00
 0.1410000E+01  0.5264362E-01  0.1361850E+00
 0.1412000E+01  0.5267733E-01  0.1362770E+00
 0.1414000E+01  0.5271067E-01  0.1363685E+00
 0.1416000E+01  0.5274362E-01  0.1364596E+00
 0.1418000E+01  0.5277621E-01  0.1365501E+00
 0.1420000E+01  0.5280843E-01  0.1366402E+00
 0.1422000E+01  0.5284028E-01  0.1367298E+00
 0.1424000E+01  0.5287178E-01  0.1368189E+00
 0.1426000E+01  0.5290292E-01  0.1369076E+00
 0.1428000E+01  0.5293370E-01  0.1369958E+00
 0.1430000E+01  0.5296414E-01  0.1370837E+00
 0.1432000E+01  0.5299424E-01  0.1371711E+00
 0.1434000E+01  0.5302399E-01  0.1372581E+00
 0.1436000E+01  0.5305341E-01  0.1373447E+00
 0.1438000E+01  0.5308249E-01  0.1374309E+00
 0.1440000E+01  0.5311125E-01  0.1375167E+00
 0.1442000E+01  0.5313968E-01  0.1376022E+00
 0.1444000E+01  0.5316780E-01  0.1376873E+00
 0.1446000E+01  0.5319559E-01  0.1377721E+00
 0.1448000E+01  0.5322307E-01  0.1378565E+00
 0.1450000E+01  0.5325025E-01  0.1379406E+00
 0.1452000E+01  0.5327712E-01  0.1380243E+00
 0.1454000E+01  0.5330369E-01  0.1381078E+00
 0.1456000E+01  0.5332996E-01  0.1381909E+00
 0.1458000E+01  0.5335593E-01  0.1382737E+00
 0.1460000E+01  0.5338162E-01  0.1383563E+00
 0.1462000E+01  0.5340702E-01  0.1384385E+00
 0.1464000E+01  0.5343214E-01  0.1385205E+00
 0.1466000E+01  0.5345698E-01  0.1386023E+00
 0.1468000E+01  0.5348155E-01  0.1386837E+00
 0.1470000E+01  0.5350584E-01  0.1387649E+00
 0.1472000E+01  0.5352987E-01  0.1388459E+00
 0.1474000E+01  0.5355363E-01  0.1389267E+00
 0.1476000E+01  0.5357714E-01  0.1390072E+00
 0.1478000E+01  0.5360039E-01  0.1390874E+00
 0.1480000E+01  0.5362338E-01  0.1391675E+00
 0.1482000E+01  0.5364613E-01  0.1392474E+00
 0.1484000E+01  0.5366863E-01  0.1393270E+00
 0.1486000E+01  0.5369089E-01  0.1394065E+00
 0.1488000E+01  0.5371291E-01  0.1394858E+00
 0.1490000E+01  0.5373470E-01  0.1395649E+00
 0.1492000E+01  0.5375625E-01  0.1396438E+00
 0.1494000E+01  0.5377758E-01  0.1397226E+00
 0.1496000E+01  0.5379868E-01  0.1398012E+00
 0.1498000E+01  0.5381956E-01  0.1398796E+00
 0.1500000E+01  0.5384023E-01  0.1399579E+00
 0.1502000E+01  0.5386068E-01  0.1400361E+00
 0.1504000E+01  0.5388091E-01  0.1401141E+00
 0.1506000E+01  0.5390095E-01  0.1401919E+00
 0.1508000E+01  0.5392077E-01  0.1402697E+00
 0.1510000E+01  0.5394040E-01  0.1403473E+00
 0.1512000E+01  0.5395983E-01  0.1404248E+00
 0.1514000E+01  0.5397906E-01  0.1405022E+00
 0.1516000E+01  0.5399811E-01  0.1405795E+00
 0.1518000E+01  0.5401696E-01  0.1406566E+00
 0.1520000E+01  0.5403563E-01  0.1407337E+00
 0.1522000E+01  0.5405412E-01  0.1408107E+00
 0.1524000E+01  0.5407243E-01  0.1408876E+00
 0.1526000E+01  0.5409057E-01  0.1409644E+00
 0.1528000E+01  0.5410853E-01  0.1410411E+00
 0.1530000E+01  0.5412632E-01  0.1411178E+00
 0.1532000E+01  0.5414395E-01  0.1411943E+00
 0.1534000E+01  0.5416141E-01  0.1412708E+00
 0.1536000E+01  0.5417871E-01  0.1413473E+00
 0.1538000E+01  0.5419586E-01  0.1414236E+00
 0.1540000E+01  0.5421285E-01  0.1415000E+00
 0.1542000E+01  0.5422969E-01  0.1415762E+00
 0.1544000E+01  0.5424638E-01  0.1416524E+00
 0.1546000E+01  0.5426292E-01  0.1417286E+00
 0.1548000E+01  0.5427932E-01  0.1418047E+00
 0.1550000E+01  0.5429558E-01  0.1418808E+00
 0.1552000E+01  0.5431170E-01  0.1419568E+00
 0.1554000E+01  0.5432769E-01  0.1420328E+00
 0.1556000E+01  0.5434354E-01  0.1421088E+00
 0.1558000E+01  0.5435926E-01  0.1421847E+00
 0.1560000E+01  0.5437486E-01  0.1422606E+00
 0.1562000E+01  0.5439033E-01  0.1423365E+00
 0.1564000E+01  0.5440568E-01  0.1424123E+00
 0.1566000E+01  0.5442090E-01  0.1424882E+00
 0.1568000E+01  0.5443602E-01  0.1425640E+00
 0.1570000E+01  0.5445101E-01  0.1426398E+00
 0.1572000E+01  0.5446590E-01  0.1427155E+00
 0.1574000E+01  0.5448067E-01  0.1427913E+00
 0.1576000E+01  0.5449533E-01  0.1428670E+00
 0.1578000E+01  0.5450989E-01  0.1429428E+00
 0.1580000E+01  0.5452435E-01  0.1430185E+00
 0.1582000E+01  0.5453871E-01  0.1430942E+00
 0.1584000E+01  0.5455297E-01  0.1431699E+00
 0.1586000E+01  0.5456713E-01  0.1432456E+00
 0.1588000E+01  0.5458119E-01  0.1433213E+00
 0.1590000E+01  0.5459517E-01  0.1433970E+00
 0.1592000E+01  0.5460906E-01  0.1434727E+00
 0.1594000E+01  0.5462285E-01  0.1435484E+00
 0.1596000E+01  0.5463656E-01  0.1436240E+00
 0.1598000E+01  0.5465019E-01  0.1436997E+00
 0.1600000E+01  0.5466374E-01  0.1437754E+00
 0.1602000E+01  0.5467720E-01  0.1438511E+00
 0.1604000E+01  0.5469059E-01  0.1439268E+00
 0.1606000E+01  0.5470391E-01  0.1440025E+00
 0.1608000E+01  0.5471714E-01  0.1440782E+00
 0.1610000E+01  0.5473031E-01  0.1441539E+00
 0.1612000E+01  0.5474341E-01  0.1442296E+00
 0.1614000E+01  0.5475644E-01  0.1443053E+00
 0.1616000E+01  0.5476940E-01  0.1443810E+00
 0.1618000E+01  0.5478229E-01  0.1444567E+00
 0.1620000E+01  0.5479513E-01  0.1445324E+00
 0.1622000E+01  0.5480790E-01  0.1446081E+00
 0.1624000E+01  0.5482061E-01  0.1446838E+00
 0.1626000E+01  0.5483326E-01  0.1447595E+00
 0.1628000E+01  0.5484586E-01  0.1448352E+00
 0.1630000E+01  0.5485840E-01  0.1449109E+00
 0.1632000E+01  0.5487089E-01  0.1449866E+00
 0.1634000E+01  0.5488332E-01  0.1450623E+00
 0.1636000E+01  0.5489571E-01  0.1451380E+00
 0.1638000E+01  0.5490804E-01  0.1452138E+00
 0.1640000E+01  0.5492033E-01  0.1452895E+00
 0.1642000E+01  0.5493257E-01  0.1453652E+00
 0.1644000E+01  0.5494477E-01  0.1454409E+00
 0.1646000E+01  0.5495693E-01  0.1455166E+00
 0.1648000E+01  0.5496904E-01  0.1455922E+00
 0.1650000E+01  0.5498111E-01  0.1456679E+00
 0.1652000E+01  0.5499314E-01  0.1457436E+00
 0.1654000E+01  0.5500513E-01  0.1458193E+00
 0.1656000E+01  0.5501709E-01  0.1458949E+00
 0.1658000E+01  0.5502901E-01  0.1459706E+00
 0.1660000E+01  0.5504090E-01  0.1460462E+00
 0.1662000E+01  0.5505275E-01  0.1461218E+00
 0.1664000E+01  0.5506457E-01  0.1461974E+00
 0.1666000E+01  0.5507635E-01  0.1462730E+00
 0.1668000E+01  0.5508811E-01  0.1463485E+00
 0.1670000E+01  0.5509984E-01  0.1464241E+00
 0.1672000E+01  0.5511154E-01  0.1464996E+00
 0.1674000E+01  0.5512321E-01  0.1465751E+00
 0.1676000E+01  0.5513486E-01  0.1466505E+00
 0.1678000E+01  0.5514648E-01  0.1467260E+00
 0.1680000E+01  0.5515808E-01  0.1468014E+00
 0.1682000E+01  0.5516965E-01  0.1468768E+00
 0.1684000E+01  0.5518121E-01  0.1469521E+00
 0.1686000E+01  0.5519274E-01  0.1470274E+00
 0.1688000E+01  0.5520424E-01  0.1471027E+00
 0.1690000E+01  0.5521573E-01  0.1471779E+00
 0.1692000E+01  0.5522720E-01  0.1472531E+00
 0.1694000E+01  0.5523865E-01  0.1473283E+00
 0.1696000E+01  0.5525009E-01  0.1474034E+00
 0.1698000E+01  0.5526150E-01  0.1474785E+00
 0.1700000E+01  0.5527290E-01  0.1475535E+00
 0.1702000E+01  0.5528429E-01  0.1476284E+00
 0.1704000E+01  0.5529565E-01  0.1477033E+00
 0.1706000E+01  0.5530701E-01  0.1477782E+00
 0.1708000E+01  0.5531835E-01  0.1478530E+00
 0.1710000E+01  0.5532968E-01  0.1479277E+00
 0.1712000E+01  0.5534099E-01  0.1480024E+00
 0.1714000E+01  0.5535230E-01  0.1480770E+00
 0.1716000E+01  0.5536359E-01  0.1481516E+00
 0.1718000E+01  0.5537487E-01  0.1482261E+00
 0.1720000E+01  0.5538614E-01  0.1483005E+00
 0.1722000E+01  0.5539740E-01  0.1483748E+00
 0.1724000E+01  0.5540865E-01  0.1484491E+00
 0.1726000E+01  0.5541989E-01  0.1485233E+00
 0.1728000E+01  0.5543112E-01  0.1485974E+00
 0.1730000E+01  0.5544235E-01  0.1486714E+00
 0.1732000E+01  0.5545356E-01  0.1487453E+00
 0.1734000E+01  0.5546477E-01  0.1488192E+00
 0.1736000E+01  0.5547597E-01  0.1488930E+00
 0.1738000E+01  0.5548717E-01  0.1489666E+00
 0.1740000E+01  0.5549835E-01  0.1490402E+00
 0.1742000E+01  0.5550953E-01  0.1491137E+00
 0.1744000E+01  0.5552071E-01  0.1491871E+00
 0.1746000E+01  0.5553188E-01  0.1492603E+00
 0.1748000E+01  0.5554304E-01  0.1493335E+00
 0.1750000E+01  0.5555420E-01  0.1494066E+00
 0.1752000E+01  0.5556536E-01  0.1494796E+00
 0.1754000E+01  0.5557650E-01  0.1495524E+00
 0.1756000E+01  0.5558765E-01  0.1496251E+00
 0.1758000E+01  0.5559879E-01  0.1496978E+00
 0.1760000E+01  0.5560992E-01  0.1497703E+00
 0.1762000E+01  0.5562105E-01  0.1498426E+00
 0.1764000E+01  0.5563218E-01  0.1499149E+00
 0.1766000E+01  0.5564330E-01  0.1499870E+00
 0.1768000E+01  0.5565442E-01  0.1500590E+00
 0.1770000E+01  0.5566553E-01  0.1501309E+00
 0.1772000E+01  0.5567664E-01  0.1502026E+00
 0.1774000E+01  0.5568775E-01  0.1502742E+00
 0.1776000E+01  0.5569885E-01  0.1503457E+00
 0.1778000E+01  0.5570995E-01  0.1504170E+00
 0.1780000E+01  0.5572105E-01  0.1504882E+00
 0.1782000E+01  0.5573214E-01  0.1505592E+00
 0.1784000E+01  0.5574323E-01  0.1506301E+00
 0.1786000E+01  0.5575431E-01  0.1507008E+00
 0.1788000E+01  0.5576539E-01  0.1507714E+00
 0.1790000E+01  0.5577647E-01  0.1508418E+00
 0.1792000E+01  0.5578754E-01  0.1509120E+00
 0.1794000E+01  0.5579861E-01  0.1509821E+00
 0.1796000E+01  0.5580967E-01  0.1510521E+00
 0.1798000E+01  0.5582073E-01  0.1511219E+00
 0.1800000E+01  0.5583179E-01  0.1511915E+00
 0.1802000E+01  0.5584284E-01  0.1512609E+00
 0.1804000E+01  0.5585389E-01  0.1513302E+00
 0.1806000E+01  0.5586493E-01  0.1513992E+00
 0.1808000E+01  0.5587596E-01  0.1514682E+00
 0.1810000E+01  0.5588700E-01  0.1515369E+00
 0.1812000E+01  0.5589802E-01  0.1516054E+00
 0.1814000E+01  0.5590904E-01  0.1516738E+00
 0.1816000E+01  0.5592006E-01  0.1517420E+00
 0.1818000E+01  0.5593107E-01  0.1518100E+00
 0.1820000E+01  0.5594208E-01  0.1518778E+00
 0.1822000E+01  0.5595307E-01  0.1519454E+00
 0.1824000E+01  0.5596407E-01  0.1520128E+00
 0.1826000E+01  0.5597505E-01  0.1520800E+00
 0.1828000E+01  0.5598603E-01  0.1521471E+00
 0.1830000E+01  0.5599700E-01  0.1522139E+00
 0.1832000E+01  0.5600796E-01  0.1522805E+00
 0.1834000E+01  0.5601892E-01  0.1523469E+00
 0.1836000E+01  0.5602987E-01  0.1524131E+00
 0.1838000E+01  0.5604081E-01  0.1524791E+00
 0.1840000E+01  0.5605174E-01  0.1525449E+00
 0.1842000E+01  0.5606266E-01  0.1526105E+00
 0.1844000E+01  0.5607358E-01  0.1526759E+00
 0.1846000E+01  0.5608448E-01  0.1527410E+00
 0.1848000E+01  0.5609538E-01  0.1528059E+00
 0.1850000E+01  0.5610627E-01  0.1528706E+00
 0.1852000E+01  0.5611714E-01  0.1529351E+00
 0.1854000E+01  0.5612801E-01  0.1529994E+00
 0.1856000E+01  0.5613886E-01  0.1530634E+00
 0.1858000E+01  0.5614970E-01  0.1531272E+00
 0.1860000E+01  0.5616054E-01  0.1531908E+00
 0.1862000E+01  0.5617136E-01  0.1532542E+00
 0.1864000E+01  0.5618216E-01  0.1533173E+00
 0.1866000E+01  0.5619296E-01  0.1533802E+00
 0.1868000E+01  0.5620374E-01  0.1534428E+00
 0.1870000E+01  0.5621451E-01  0.1535052E+00
 0.1872000E+01  0.5622527E-01  0.1535674E+00
 0.1874000E+01  0.5623601E-01  0.1536293E+00
 0.1876000E+01  0.5624673E-01  0.1536910E+00
 0.1878000E+01  0.5625745E-01  0.1537525E+00
 0.1880000E+01  0.5626815E-01  0.1538137E+00
 0.1882000E+01  0.5627883E-01  0.1538746E+00
 0.1884000E+01  0.5628949E-01  0.1539353E+00
 0.1886000E+01  0.5630015E-01  0.1539958E+00
 0.1888000E+01  0.5631078E-01  0.1540560E+00
 0.1890000E+01  0.5632140E-01  0.1541160E+00
 0.1892000E+01  0.5633200E-01  0.1541757E+00
 0.1894000E+01  0.5634258E-01  0.1542351E+00
 0.1896000E+01  0.5635314E-01  0.1542943E+00
 0.1898000E+01  0.5636369E-01  0.1543533E+00
 0.1900000E+01  0.5637422E-01  0.1544120E+00
 0.1902000E+01  0.5638472E-01  0.1544704E+00
 0.1904000E+01  0.5639521E-01  0.1545285E+00
 0.1906000E+01  0.5640568E-01  0.1545864E+00
 0.1908000E+01  0.5641613E-01  0.1546441E+00
 0.1910000E+01  0.5642656E-01  0.1547015E+00
 0.1912000E+01  0.5643696E-01  0.1547586E+00
 0.1914000E+01  0.5644735E-01  0.1548154E+00
 0.1916000E+01  0.5645771E-01  0.1548720E+00
 0.1918000E+01  0.5646805E-01  0.1549284E+00
 0.1920000E+01  0.5647837E-01  0.1549844E+00
 0.1922000E+01  0.5648866E-01  0.1550402E+00
 0.1924000E+01  0.5649893E-01  0.1550957E+00
 0.1926000E+01  0.5650918E-01  0.1551510E+00
 0.1928000E+01  0.5651940E-01  0.1552059E+00
 0.1930000E+01  0.5652960E-01  0.1552607E+00
 0.1932000E+01  0.5653977E-01  0.1553151E+00
 0.1934000E+01  0.5654992E-01  0.1553693E+00
 0.1936000E+01  0.5656004E-01  0.1554232E+00
 0.1938000E+01  0.5657014E-01  0.1554768E+00
 0.1940000E+01  0.5658020E-01  0.1555301E+00
 0.1942000E+01  0.5659025E-01  0.1555832E+00
 0.1944000E+01  0.5660026E-01  0.1556360E+00
 0.1946000E+01  0.5661025E-01  0.1556885E+00
 0.1948000E+01  0.5662020E-01  0.1557408E+00
 0.1950000E+01  0.5663013E-01  0.1557927E+00
 0.1952000E+01  0.5664003E-01  0.1558444E+00
 0.1954000E+01  0.5664990E-01  0.1558959E+00
 0.1956000E+01  0.5665975E-01  0.1559470E+00
 0.1958000E+01  0.5666956E-01  0.1559979E+00
 0.1960000E+01  0.5667934E-01  0.1560485E+00
 0.1962000E+01  0.5668909E-01  0.1560988E+00
 0.1964000E+01  0.5669881E-01  0.1561488E+00
 0.1966000E+01  0.5670849E-01  0.1561986E+00
 0.1968000E+01  0.5671815E-01  0.1562480E+00
 0.1970000E+01  0.5672777E-01  0.1562972E+00
 0.1972000E+01  0.5673736E-01  0.1563462E+00
 0.1974000E+01  0.5674692E-01  0.1563948E+00
 0.1976000E+01  0.5675644E-01  0.1564432E+00
 0.1978000E+01  0.5676593E-01  0.1564913E+00
 0.1980000E+01  0.5677539E-01  0.1565391E+00
 0.1982000E+01  0.5678481E-01  0.1565866E+00
 0.1984000E+01  0.5679420E-01  0.1566339E+00
 0.1986000E+01  0.5680355E-01  0.1566809E+00
 0.1988000E+01  0.5681287E-01  0.1567276E+00
 0.1990000E+01  0.5682215E-01  0.1567740E+00
 0.1992000E+01  0.5683140E-01  0.1568201E+00
 0.1994000E+01  0.5684061E-01  0.1568660E+00
 0.1996000E+01  0.5684978E-01  0.1569116E+00
 0.1998000E+01  0.5685891E-01  0.1569569E+00
 0.2000000E+01  0.5686801E-01  0.1570020E+00
 0.2002000E+01  0.5687707E-01  0.1570468E+00
 0.2004000E+01  0.5688610E-01  0.1570913E+00
 0.2006000E+01  0.5689508E-01  0.1571355E+00
 0.2008000E+01  0.5690403E-01  0.1571794E+00
 0.2010000E+01  0.5691293E-01  0.1572231E+00
 0.2012000E+01  0.5692180E-01  0.1572665E+00
 0.2014000E+01  0.5693063E-01  0.1573097E+00
 0.2016000E+01  0.5693942E-01  0.1573525E+00
 0.2018000E+01  0.5694817E-01  0.1573951E+00
 0.2020000E+01  0.5695688E-01  0.1574374E+00
 0.2022000E+01  0.5696555E-01  0.1574795E+00
 0.2024000E+01  0.5697418E-01  0.1575213E+00
 0.2026000E+01  0.5698277E-01  0.1575628E+00
 0.2028000E+01  0.5699131E-01  0.1576040E+00
 0.2030000E+01  0.5699982E-01  0.1576450E+00
 0.2032000E+01  0.5700828E-01  0.1576857E+00
 0.2034000E+01  0.5701670E-01  0.1577261E+00
 0.2036000E+01  0.5702508E-01  0.1577663E+00
 0.2038000E+01  0.5703342E-01  0.1578062E+00
 0.2040000E+01  0.5704172E-01  0.1578459E+00
 0.2042000E+01  0.5704997E-01  0.1578853E+00
 0.2044000E+01  0.5705818E-01  0.1579244E+00
 0.2046000E+01  0.5706634E-01  0.1579633E+00
 0.2048000E+01  0.5707447E-01  0.1580019E+00
 0.2050000E+01  0.5708255E-01  0.1580402E+00
 0.2052000E+01  0.5709058E-01  0.1580783E+00
 0.2054000E+01  0.5709857E-01  0.1581162E+00
 0.2056000E+01  0.5710652E-01  0.1581537E+00
 0.2058000E+01  0.5711442E-01  0.1581911E+00
 0.2060000E+01  0.5712228E-01  0.1582281E+00
 0.2062000E+01  0.5713009E-01  0.1582649E+00
 0.2064000E+01  0.5713786E-01  0.1583015E+00
 0.2066000E+01  0.5714559E-01  0.1583378E+00
 0.2068000E+01  0.5715327E-01  0.1583739E+00
 0.2070000E+01  0.5716090E-01  0.1584097E+00
 0.2072000E+01  0.5716849E-01  0.1584453E+00
 0.2074000E+01  0.5717603E-01  0.1584806E+00
 0.2076000E+01  0.5718353E-01  0.1585157E+00
 0.2078000E+01  0.5719098E-01  0.1585505E+00
 0.2080000E+01  0.5719838E-01  0.1585851E+00
 0.2082000E+01  0.5720574E-01  0.1586194E+00
 0.2084000E+01  0.5721305E-01  0.1586535E+00
 0.2086000E+01  0.5722032E-01  0.1586874E+00
 0.2088000E+01  0.5722754E-01  0.1587210E+00
 0.2090000E+01  0.5723471E-01  0.1587544E+00
 0.2092000E+01  0.5724184E-01  0.1587876E+00
 0.2094000E+01  0.5724892E-01  0.1588205E+00
 0.2096000E+01  0.5725595E-01  0.1588532E+00
 0.2098000E+01  0.5726294E-01  0.1588857E+00
 0.2100000E+01  0.5726988E-01  0.1589179E+00
 0.2102000E+01  0.5727677E-01  0.1589499E+00
 0.2104000E+01  0.5728362E-01  0.1589816E+00
 0.2106000E+01  0.5729042E-01  0.1590132E+00
 0.2108000E+01  0.5729717E-01  0.1590445E+00
 0.2110000E+01  0.5730387E-01  0.1590756E+00
 0.2112000E+01  0.5731053E-01  0.1591065E+00
 0.2114000E+01  0.5731714E-01  0.1591371E+00
 0.2116000E+01  0.5732370E-01  0.1591676E+00
 0.2118000E+01  0.5733021E-01  0.1591978E+00
 0.2120000E+01  0.5733668E-01  0.1592278E+00
 0.2122000E+01  0.5734310E-01  0.1592575E+00
 0.2124000E+01  0.5734947E-01  0.1592871E+00
 0.2126000E+01  0.5735580E-01  0.1593165E+00
 0.2128000E+01  0.5736207E-01  0.1593456E+00
 0.2130000E+01  0.5736830E-01  0.1593745E+00
 0.2132000E+01  0.5737449E-01  0.1594033E+00
 0.2134000E+01  0.5738062E-01  0.1594318E+00
 0.2136000E+01  0.5738671E-01  0.1594601E+00
 0.2138000E+01  0.5739275E-01  0.1594882E+00
 0.2140000E+01  0.5739874E-01  0.1595161E+00
 0.2142000E+01  0.5740468E-01  0.1595438E+00
 0.2144000E+01  0.5741058E-01  0.1595713E+00
 0.2146000E+01  0.5741643E-01  0.1595986E+00
 0.2148000E+01  0.5742224E-01  0.1596257E+00
 0.2150000E+01  0.5742799E-01  0.1596526E+00
 0.2152000E+01  0.5743370E-01  0.1596793E+00
 0.2154000E+01  0.5743936E-01  0.1597059E+00
 0.2156000E+01  0.5744497E-01  0.1597322E+00
 0.2158000E+01  0.5745054E-01  0.1597584E+00
 0.2160000E+01  0.5745606E-01  0.1597843E+00
 0.2162000E+01  0.5746153E-01  0.1598101E+00
 0.2164000E+01  0.5746696E-01  0.1598357E+00
 0.2166000E+01  0.5747234E-01  0.1598611E+00
 0.2168000E+01  0.5747767E-01  0.1598863E+00
 0.2170000E+01  0.5748296E-01  0.1599114E+00
 0.2172000E+01  0.5748820E-01  0.1599362E+00
 0.2174000E+01  0.5749339E-01  0.1599609E+00
 0.2176000E+01  0.5749854E-01  0.1599854E+00
 0.2178000E+01  0.5750364E-01  0.1600098E+00
 0.2180000E+01  0.5750869E-01  0.1600339E+00
 0.2182000E+01  0.5751370E-01  0.1600579E+00
 0.2184000E+01  0.5751867E-01  0.1600818E+00
 0.2186000E+01  0.5752358E-01  0.1601054E+00
 0.2188000E+01  0.5752845E-01  0.1601289E+00
 0.2190000E+01  0.5753328E-01  0.1601522E+00
 0.2192000E+01  0.5753806E-01  0.1601754E+00
 0.2194000E+01  0.5754279E-01  0.1601984E+00
 0.2196000E+01  0.5754748E-01  0.1602212E+00
 0.2198000E+01  0.5755213E-01  0.1602439E+00
 0.2200000E+01  0.5755673E-01  0.1602664E+00
 0.2202000E+01  0.5756128E-01  0.1602888E+00
 0.2204000E+01  0.5756579E-01  0.1603110E+00
 0.2206000E+01  0.5757026E-01  0.1603331E+00
 0.2208000E+01  0.5757468E-01  0.1603550E+00
 0.2210000E+01  0.5757906E-01  0.1603767E+00
 0.2212000E+01  0.5758339E-01  0.1603984E+00
 0.2214000E+01  0.5758768E-01  0.1604198E+00
 0.2216000E+01  0.5759193E-01  0.1604411E+00
 0.2218000E+01  0.5759613E-01  0.1604623E+00
 0.2220000E+01  0.5760029E-01  0.1604833E+00
 0.2222000E+01  0.5760440E-01  0.1605042E+00
 0.2224000E+01  0.5760848E-01  0.1605250E+00
 0.2226000E+01  0.5761251E-01  0.1605456E+00
 0.2228000E+01  0.5761650E-01  0.1605661E+00
 0.2230000E+01  0.5762044E-01  0.1605864E+00
 0.2232000E+01  0.5762434E-01  0.1606066E+00
 0.2234000E+01  0.5762821E-01  0.1606267E+00
 0.2236000E+01  0.5763202E-01  0.1606466E+00
 0.2238000E+01  0.5763580E-01  0.1606664E+00
 0.2240000E+01  0.5763954E-01  0.1606861E+00
 0.2242000E+01  0.5764323E-01  0.1607057E+00
 0.2244000E+01  0.5764689E-01  0.1607251E+00
 0.2246000E+01  0.5765050E-01  0.1607444E+00
 0.2248000E+01  0.5765407E-01  0.1607636E+00
 0.2250000E+01  0.5765761E-01  0.1607827E+00
 0.2252000E+01  0.5766110E-01  0.1608016E+00
 0.2254000E+01  0.5766455E-01  0.1608204E+00
 0.2256000E+01  0.5766796E-01  0.1608391E+00
 0.2258000E+01  0.5767133E-01  0.1608577E+00
 0.2260000E+01  0.5767467E-01  0.1608762E+00
 0.2262000E+01  0.5767796E-01  0.1608946E+00
 0.2264000E+01  0.5768122E-01  0.1609128E+00
 0.2266000E+01  0.5768444E-01  0.1609309E+00
 0.2268000E+01  0.5768761E-01  0.1609490E+00
 0.2270000E+01  0.5769075E-01  0.1609669E+00
 0.2272000E+01  0.5769386E-01  0.1609847E+00
 0.2274000E+01  0.5769692E-01  0.1610024E+00
 0.2276000E+01  0.5769995E-01  0.1610200E+00
 0.2278000E+01  0.5770294E-01  0.1610375E+00
 0.2280000E+01  0.5770589E-01  0.1610549E+00
 0.2282000E+01  0.5770881E-01  0.1610722E+00
 0.2284000E+01  0.5771169E-01  0.1610894E+00
 0.2286000E+01  0.5771453E-01  0.1611065E+00
 0.2288000E+01  0.5771734E-01  0.1611235E+00
 0.2290000E+01  0.5772011E-01  0.1611404E+00
 0.2292000E+01  0.5772285E-01  0.1611572E+00
 0.2294000E+01  0.5772555E-01  0.1611740E+00
 0.2296000E+01  0.5772822E-01  0.1611906E+00
 0.2298000E+01  0.5773085E-01  0.1612071E+00
 0.2300000E+01  0.5773345E-01  0.1612236E+00
 0.2302000E+01  0.5773601E-01  0.1612399E+00
 0.2304000E+01  0.5773854E-01  0.1612562E+00
 0.2306000E+01  0.5774103E-01  0.1612724E+00
 0.2308000E+01  0.5774350E-01  0.1612885E+00
 0.2310000E+01  0.5774592E-01  0.1613045E+00
 0.2312000E+01  0.5774832E-01  0.1613204E+00
 0.2314000E+01  0.5775068E-01  0.1613363E+00
 0.2316000E+01  0.5775301E-01  0.1613520E+00
 0.2318000E+01  0.5775531E-01  0.1613677E+00
 0.2320000E+01  0.5775758E-01  0.1613833E+00
 0.2322000E+01  0.5775981E-01  0.1613989E+00
 0.2324000E+01  0.5776202E-01  0.1614143E+00
 0.2326000E+01  0.5776419E-01  0.1614297E+00
 0.2328000E+01  0.5776633E-01  0.1614450E+00
 0.2330000E+01  0.5776844E-01  0.1614602E+00
 0.2332000E+01  0.5777052E-01  0.1614754E+00
 0.2334000E+01  0.5777257E-01  0.1614905E+00
 0.2336000E+01  0.5777460E-01  0.1615055E+00
 0.2338000E+01  0.5777659E-01  0.1615204E+00
 0.2340000E+01  0.5777855E-01  0.1615353E+00
 0.2342000E+01  0.5778048E-01  0.1615501E+00
 0.2344000E+01  0.5778239E-01  0.1615648E+00
 0.2346000E+01  0.5778426E-01  0.1615795E+00
 0.2348000E+01  0.5778611E-01  0.1615941E+00
 0.2350000E+01  0.5778793E-01  0.1616087E+00
 0.2352000E+01  0.5778973E-01  0.1616231E+00
 0.2354000E+01  0.5779149E-01  0.1616375E+00
 0.2356000E+01  0.5779323E-01  0.1616519E+00
 0.2358000E+01  0.5779494E-01  0.1616662E+00
 0.2360000E+01  0.5779663E-01  0.1616804E+00
 0.2362000E+01  0.5779828E-01  0.1616946E+00
 0.2364000E+01  0.5779992E-01  0.1617087E+00
 0.2366000E+01  0.5780152E-01  0.1617228E+00
 0.2368000E+01  0.5780311E-01  0.1617368E+00
 0.2370000E+01  0.5780466E-01  0.1617507E+00
 0.2372000E+01  0.5780619E-01  0.1617646E+00
 0.2374000E+01  0.5780770E-01  0.1617784E+00
 0.2376000E+01  0.5780918E-01  0.1617922E+00
 0.2378000E+01  0.5781064E-01  0.1618059E+00
 0.2380000E+01  0.5781207E-01  0.1618196E+00
 0.2382000E+01  0.5781349E-01  0.1618332E+00
 0.2384000E+01  0.5781487E-01  0.1618468E+00
 0.2386000E+01  0.5781624E-01  0.1618603E+00
 0.2388000E+01  0.5781758E-01  0.1618738E+00
 0.2390000E+01  0.5781890E-01  0.1618872E+00
 0.2392000E+01  0.5782019E-01  0.1619005E+00
 0.2394000E+01  0.5782147E-01  0.1619139E+00
 0.2396000E+01  0.5782272E-01  0.1619271E+00
 0.2398000E+01  0.5782395E-01  0.1619404E+00
 0.2400000E+01  0.5782516E-01  0.1619535E+00
 0.2402000E+01  0.5782635E-01  0.1619667E+00
 0.2404000E+01  0.5782752E-01  0.1619798E+00
 0.2406000E+01  0.5782867E-01  0.1619928E+00
 0.2408000E+01  0.5782980E-01  0.1620058E+00
 0.2410000E+01  0.5783091E-01  0.1620188E+00
 0.2412000E+01  0.5783199E-01  0.1620317E+00
 0.2414000E+01  0.5783306E-01  0.1620446E+00
 0.2416000E+01  0.5783411E-01  0.1620574E+00
 0.2418000E+01  0.5783514E-01  0.1620702E+00
 0.2420000E+01  0.5783615E-01  0.1620829E+00
 0.2422000E+01  0.5783715E-01  0.1620957E+00
 0.2424000E+01  0.5783812E-01  0.1621083E+00
 0.2426000E+01  0.5783908E-01  0.1621210E+00
 0.2428000E+01  0.5784002E-01  0.1621336E+00
 0.2430000E+01  0.5784094E-01  0.1621461E+00
 0.2432000E+01  0.5784185E-01  0.1621586E+00
 0.2434000E+01  0.5784273E-01  0.1621711E+00
 0.2436000E+01  0.5784361E-01  0.1621836E+00
 0.2438000E+01  0.5784446E-01  0.1621960E+00
 0.2440000E+01  0.5784530E-01  0.1622083E+00
 0.2442000E+01  0.5784612E-01  0.1622207E+00
 0.2444000E+01  0.5784693E-01  0.1622330E+00
 0.2446000E+01  0.5784772E-01  0.1622452E+00
 0.2448000E+01  0.5784849E-01  0.1622575E+00
 0.2450000E+01  0.5784925E-01  0.1622697E+00
 0.2452000E+01  0.5785000E-01  0.1622818E+00
 0.2454000E+01  0.5785073E-01  0.1622940E+00
 0.2456000E+01  0.5785145E-01  0.1623061E+00
 0.2458000E+01  0.5785215E-01  0.1623181E+00
 0.2460000E+01  0.5785284E-01  0.1623302E+00
 0.2462000E+01  0.5785351E-01  0.1623422E+00
 0.2464000E+01  0.5785418E-01  0.1623541E+00
 0.2466000E+01  0.5785482E-01  0.1623661E+00
 0.2468000E+01  0.5785546E-01  0.1623780E+00
 0.2470000E+01  0.5785608E-01  0.1623899E+00
 0.2472000E+01  0.5785669E-01  0.1624017E+00
 0.2474000E+01  0.5785729E-01  0.1624135E+00
 0.2476000E+01  0.5785787E-01  0.1624253E+00
 0.2478000E+01  0.5785845E-01  0.1624371E+00
 0.2480000E+01  0.5785901E-01  0.1624488E+00
 0.2482000E+01  0.5785956E-01  0.1624605E+00
 0.2484000E+01  0.5786010E-01  0.1624722E+00
 0.2486000E+01  0.5786062E-01  0.1624838E+00
 0.2488000E+01  0.5786114E-01  0.1624954E+00
 0.2490000E+01  0.5786164E-01  0.1625070E+00
 0.2492000E+01  0.5786214E-01  0.1625186E+00
 0.2494000E+01  0.5786262E-01  0.1625301E+00
 0.2496000E+01  0.5786310E-01  0.1625416E+00
 0.2498000E+01  0.5786356E-01  0.1625530E+00
 0.2500000E+01  0.5786402E-01  0.1625645E+00
 0.2502000E+01  0.5786446E-01  0.1625759E+00
 0.2504000E+01  0.5786490E-01  0.1625873E+00
 0.2506000E+01  0.5786532E-01  0.1625987E+00
 0.2508000E+01  0.5786574E-01  0.1626100E+00
 0.2510000E+01  0.5786615E-01  0.1626213E+00
 0.2512000E+01  0.5786655E-01  0.1626326E+00
 0.2514000E+01  0.5786694E-01  0.1626438E+00
 0.2516000E+01  0.5786732E-01  0.1626551E+00
 0.2518000E+01  0.5786770E-01  0.1626663E+00
 0.2520000E+01  0.5786807E-01  0.1626774E+00
 0.2522000E+01  0.5786843E-01  0.1626886E+00
 0.2524000E+01  0.5786878E-01  0.1626997E+00
 0.2526000E+01  0.5786912E-01  0.1627108E+00
 0.2528000E+01  0.5786946E-01  0.1627219E+00
 0.2530000E+01  0.5786979E-01  0.1627329E+00
 0.2532000E+01  0.5787011E-01  0.1627440E+00
 0.2534000E+01  0.5787043E-01  0.1627550E+00
 0.2536000E+01  0.5787074E-01  0.1627659E+00
 0.2538000E+01  0.5787104E-01  0.1627769E+00
 0.2540000E+01  0.5787134E-01  0.1627878E+00
 0.2542000E+01  0.5787163E-01  0.1627987E+00
 0.2544000E+01  0.5787192E-01  0.1628096E+00
 0.2546000E+01  0.5787220E-01  0.1628204E+00
 0.2548000E+01  0.5787247E-01  0.1628312E+00
 0.2550000E+01  0.5787274E-01  0.1628420E+00
 0.2552000E+01  0.5787300E-01  0.1628528E+00
 0.2554000E+01  0.5787326E-01  0.1628635E+00
 0.2556000E+01  0.5787351E-01  0.1628742E+00
 0.2558000E+01  0.5787376E-01  0.1628849E+00
 0.2560000E+01  0.5787400E-01  0.1628956E+00
 0.2562000E+01  0.5787424E-01  0.1629062E+00
 0.2564000E+01  0.5787447E-01  0.1629169E+00
 0.2566000E+01  0.5787470E-01  0.1629275E+00
 0.2568000E+01  0.5787493E-01  0.1629380E+00
 0.2570000E+01  0.5787515E-01  0.1629486E+00
 0.2572000E+01  0.5787536E-01  0.1629591E+00
 0.2574000E+01  0.5787558E-01  0.1629696E+00
 0.2576000E+01  0.5787579E-01  0.1629800E+00
 0.2578000E+01  0.5787599E-01  0.1629905E+00
 0.2580000E+01  0.5787620E-01  0.1630009E+00
 0.2582000E+01  0.5787639E-01  0.1630113E+00
 0.2584000E+01  0.5787659E-01  0.1630216E+00
 0.2586000E+01  0.5787678E-01  0.1630320E+00
 0.2588000E+01  0.5787697E-01  0.1630423E+00
 0.2590000E+01  0.5787716E-01  0.1630526E+00
 0.2592000E+01  0.5787734E-01  0.1630629E+00
 0.2594000E+01  0.5787753E-01  0.1630731E+00
 0.2596000E+01  0.5787770E-01  0.1630833E+00
 0.2598000E+01  0.5787788E-01  0.1630935E+00
 0.2600000E+01  0.5787805E-01  0.1631036E+00
 0.2602000E+01  0.5787823E-01  0.1631138E+00
 0.2604000E+01  0.5787840E-01  0.1631239E+00
 0.2606000E+01  0.5787856E-01  0.1631340E+00
 0.2608000E+01  0.5787873E-01  0.1631440E+00
 0.2610000E+01  0.5787889E-01  0.1631541E+00
 0.2612000E+01  0.5787906E-01  0.1631641E+00
 0.2614000E+01  0.5787922E-01  0.1631740E+00
 0.2616000E+01  0.5787937E-01  0.1631840E+00
 0.2618000E+01  0.5787953E-01  0.1631939E+00
 0.2620000E+01  0.5787969E-01  0.1632038E+00
 0.2622000E+01  0.5787984E-01  0.1632137E+00
 0.2624000E+01  0.5788000E-01  0.1632235E+00
 0.2626000E+01  0.5788015E-01  0.1632334E+00
 0.2628000E+01  0.5788030E-01  0.1632432E+00
 0.2630000E+01  0.5788045E-01  0.1632529E+00
 0.2632000E+01  0.5788060E-01  0.1632627E+00
 0.2634000E+01  0.5788075E-01  0.1632724E+00
 0.2636000E+01  0.5788090E-01  0.1632821E+00
 0.2638000E+01  0.5788105E-01  0.1632917E+00
 0.2640000E+01  0.5788119E-01  0.1633013E+00
 0.2642000E+01  0.5788134E-01  0.1633110E+00
 0.2644000E+01  0.5788148E-01  0.1633205E+00
 0.2646000E+01  0.5788163E-01  0.1633301E+00
 0.2648000E+01  0.5788178E-01  0.1633396E+00
 0.2650000E+01  0.5788192E-01  0.1633491E+00
 0.2652000E+01  0.5788207E-01  0.1633586E+00
 0.2654000E+01  0.5788221E-01  0.1633680E+00
 0.2656000E+01  0.5788235E-01  0.1633774E+00
 0.2658000E+01  0.5788250E-01  0.1633868E+00
 0.2660000E+01  0.5788264E-01  0.1633961E+00
 0.2662000E+01  0.5788279E-01  0.1634055E+00
 0.2664000E+01  0.5788293E-01  0.1634148E+00
 0.2666000E+01  0.5788308E-01  0.1634240E+00
 0.2668000E+01  0.5788323E-01  0.1634333E+00
 0.2670000E+01  0.5788337E-01  0.1634425E+00
 0.2672000E+01  0.5788352E-01  0.1634517E+00
 0.2674000E+01  0.5788366E-01  0.1634608E+00
 0.2676000E+01  0.5788381E-01  0.1634699E+00
 0.2678000E+01  0.5788396E-01  0.1634790E+00
 0.2680000E+01  0.5788411E-01  0.1634881E+00
 0.2682000E+01  0.5788426E-01  0.1634971E+00
 0.2684000E+01  0.5788441E-01  0.1635061E+00
 0.2686000E+01  0.5788456E-01  0.1635151E+00
 0.2688000E+01  0.5788471E-01  0.1635241E+00
 0.2690000E+01  0.5788486E-01  0.1635330E+00
 0.2692000E+01  0.5788501E-01  0.1635419E+00
 0.2694000E+01  0.5788517E-01  0.1635507E+00
 0.2696000E+01  0.5788532E-01  0.1635595E+00
 0.2698000E+01  0.5788548E-01  0.1635683E+00
 0.2700000E+01  0.5788563E-01  0.1635771E+00
 0.2702000E+01  0.5788579E-01  0.1635859E+00
 0.2704000E+01  0.5788595E-01  0.1635946E+00
 0.2706000E+01  0.5788611E-01  0.1636032E+00
 0.2708000E+01  0.5788627E-01  0.1636119E+00
 0.2710000E+01  0.5788643E-01  0.1636205E+00
 0.2712000E+01  0.5788659E-01  0.1636291E+00
 0.2714000E+01  0.5788676E-01  0.1636376E+00
 0.2716000E+01  0.5788692E-01  0.1636462E+00
 0.2718000E+01  0.5788709E-01  0.1636547E+00
 0.2720000E+01  0.5788726E-01  0.1636631E+00
 0.2722000E+01  0.5788743E-01  0.1636715E+00
 0.2724000E+01  0.5788760E-01  0.1636799E+00
 0.2726000E+01  0.5788777E-01  0.1636883E+00
 0.2728000E+01  0.5788794E-01  0.1636967E+00
 0.2730000E+01  0.5788811E-01  0.1637050E+00
 0.2732000E+01  0.5788829E-01  0.1637132E+00
 0.2734000E+01  0.5788846E-01  0.1637215E+00
 0.2736000E+01  0.5788864E-01  0.1637297E+00
 0.2738000E+01  0.5788882E-01  0.1637379E+00
 0.2740000E+01  0.5788900E-01  0.1637460E+00
 0.2742000E+01  0.5788918E-01  0.1637541E+00
 0.2744000E+01  0.5788937E-01  0.1637622E+00
 0.2746000E+01  0.5788955E-01  0.1637703E+00
 0.2748000E+01  0.5788974E-01  0.1637783E+00
 0.2750000E+01  0.5788993E-01  0.1637863E+00
 0.2752000E+01  0.5789011E-01  0.1637942E+00
 0.2754000E+01  0.5789030E-01  0.1638022E+00
 0.2756000E+01  0.5789050E-01  0.1638101E+00
 0.2758000E+01  0.5789069E-01  0.1638179E+00
 0.2760000E+01  0.5789088E-01  0.1638257E+00
 0.2762000E+01  0.5789108E-01  0.1638335E+00
 0.2764000E+01  0.5789128E-01  0.1638413E+00
 0.2766000E+01  0.5789148E-01  0.1638490E+00
 0.2768000E+01  0.5789168E-01  0.1638567E+00
 0.2770000E+01  0.5789188E-01  0.1638644E+00
 0.2772000E+01  0.5789208E-01  0.1638720E+00
 0.2774000E+01  0.5789229E-01  0.1638796E+00
 0.2776000E+01  0.5789249E-01  0.1638872E+00
 0.2778000E+01  0.5789270E-01  0.1638947E+00
 0.2780000E+01  0.5789291E-01  0.1639022E+00
 0.2782000E+01  0.5789312E-01  0.1639097E+00
 0.2784000E+01  0.5789333E-01  0.1639171E+00
 0.2786000E+01  0.5789354E-01  0.1639245E+00
 0.2788000E+01  0.5789376E-01  0.1639319E+00
 0.2790000E+01  0.5789397E-01  0.1639393E+00
 0.2792000E+01  0.5789419E-01  0.1639466E+00
 0.2794000E+01  0.5789441E-01  0.1639538E+00
 0.2796000E+01  0.5789463E-01  0.1639611E+00
 0.2798000E+01  0.5789485E-01  0.1639683E+00
 0.2800000E+01  0.5789507E-01  0.1639755E+00
 0.2802000E+01  0.5789529E-01  0.1639826E+00
 0.2804000E+01  0.5789552E-01  0.1639897E+00
 0.2806000E+01  0.5789574E-01  0.1639968E+00
 0.2808000E+01  0.5789597E-01  0.1640038E+00
 0.2810000E+01  0.5789620E-01  0.1640108E+00
 0.2812000E+01  0.5789643E-01  0.1640178E+00
 0.2814000E+01  0.5789666E-01  0.1640247E+00
 0.2816000E+01  0.5789689E-01  0.1640317E+00
 0.2818000E+01  0.5789713E-01  0.1640385E+00
 0.2820000E+01  0.5789736E-01  0.1640454E+00
 0.2822000E+01  0.5789760E-01  0.1640522E+00
 0.2824000E+01  0.5789783E-01  0.1640590E+00
 0.2826000E+01  0.5789807E-01  0.1640657E+00
 0.2828000E+01  0.5789831E-01  0.1640724E+00
 0.2830000E+01  0.5789855E-01  0.1640791E+00
 0.2832000E+01  0.5789879E-01  0.1640858E+00
 0.2834000E+01  0.5789903E-01  0.1640924E+00
 0.2836000E+01  0.5789928E-01  0.1640989E+00
 0.2838000E+01  0.5789952E-01  0.1641055E+00
 0.2840000E+01  0.5789977E-01  0.1641120E+00
 0.2842000E+01  0.5790001E-01  0.1641185E+00
 0.2844000E+01  0.5790026E-01  0.1641249E+00
 0.2846000E+01  0.5790051E-01  0.1641314E+00
 0.2848000E+01  0.5790076E-01  0.1641377E+00
 0.2850000E+01  0.5790101E-01  0.1641441E+00
 0.2852000E+01  0.5790126E-01  0.1641504E+00
 0.2854000E+01  0.5790151E-01  0.1641567E+00
 0.2856000E+01  0.5790176E-01  0.1641630E+00
 0.2858000E+01  0.5790202E-01  0.1641692E+00
 0.2860000E+01  0.5790227E-01  0.1641754E+00
 0.2862000E+01  0.5790252E-01  0.1641815E+00
 0.2864000E+01  0.5790278E-01  0.1641877E+00
 0.2866000E+01  0.5790304E-01  0.1641937E+00
 0.2868000E+01  0.5790329E-01  0.1641998E+00
 0.2870000E+01  0.5790355E-01  0.1642058E+00
 0.2872000E+01  0.5790381E-01  0.1642118E+00
 0.2874000E+01  0.5790407E-01  0.1642178E+00
 0.2876000E+01  0.5790433E-01  0.1642237E+00
 0.2878000E+01  0.5790459E-01  0.1642296E+00
 0.2880000E+01  0.5790485E-01  0.1642355E+00
 0.2882000E+01  0.5790511E-01  0.1642413E+00
 0.2884000E+01  0.5790537E-01  0.1642471E+00
 0.2886000E+01  0.5790563E-01  0.1642529E+00
 0.2888000E+01  0.5790589E-01  0.1642587E+00
 0.2890000E+01  0.5790615E-01  0.1642644E+00
 0.2892000E+01  0.5790642E-01  0.1642700E+00
 0.2894000E+01  0.5790668E-01  0.1642757E+00
 0.2896000E+01  0.5790694E-01  0.1642813E+00
 0.2898000E+01  0.5790721E-01  0.1642869E+00
 0.2900000E+01  0.5790747E-01  0.1642924E+00
 0.2902000E+01  0.5790774E-01  0.1642980E+00
 0.2904000E+01  0.5790800E-01  0.1643035E+00
 0.2906000E+01  0.5790827E-01  0.1643089E+00
 0.2908000E+01  0.5790853E-01  0.1643143E+00
 0.2910000E+01  0.5790880E-01  0.1643197E+00
 0.2912000E+01  0.5790906E-01  0.1643251E+00
 0.2914000E+01  0.5790933E-01  0.1643305E+00
 0.2916000E+01  0.5790959E-01  0.1643358E+00
 0.2918000E+01  0.5790986E-01  0.1643410E+00
 0.2920000E+01  0.5791012E-01  0.1643463E+00
 0.2922000E+01  0.5791039E-01  0.1643515E+00
 0.2924000E+01  0.5791066E-01  0.1643567E+00
 0.2926000E+01  0.5791092E-01  0.1643618E+00
 0.2928000E+01  0.5791119E-01  0.1643670E+00
 0.2930000E+01  0.5791145E-01  0.1643721E+00
 0.2932000E+01  0.5791172E-01  0.1643771E+00
 0.2934000E+01  0.5791198E-01  0.1643822E+00
 0.2936000E+01  0.5791225E-01  0.1643872E+00
 0.2938000E+01  0.5791251E-01  0.1643922E+00
 0.2940000E+01  0.5791278E-01  0.1643971E+00
 0.2942000E+01  0.5791304E-01  0.1644020E+00
 0.2944000E+01  0.5791330E-01  0.1644069E+00
 0.2946000E+01  0.5791357E-01  0.1644118E+00
 0.2948000E+01  0.5791383E-01  0.1644166E+00
 0.2950000E+01  0.5791409E-01  0.1644214E+00
 0.2952000E+01  0.5791435E-01  0.1644262E+00
 0.2954000E+01  0.5791462E-01  0.1644310E+00
 0.2956000E+01  0.5791488E-01  0.1644357E+00
 0.2958000E+01  0.5791514E-01  0.1644404E+00
 0.2960000E+01  0.5791540E-01  0.1644450E+00
 0.2962000E+01  0.5791566E-01  0.1644497E+00
 0.2964000E+01  0.5791592E-01  0.1644543E+00
 0.2966000E+01  0.5791618E-01  0.1644589E+00
 0.2968000E+01  0.5791644E-01  0.1644634E+00
 0.2970000E+01  0.5791670E-01  0.1644679E+00
 0.2972000E+01  0.5791695E-01  0.1644724E+00
 0.2974000E+01  0.5791721E-01  0.1644769E+00
 0.2976000E+01  0.5791747E-01  0.1644814E+00
 0.2978000E+01  0.5791772E-01  0.1644858E+00
 0.2980000E+01  0.5791798E-01  0.1644902E+00
 0.2982000E+01  0.5791823E-01  0.1644945E+00
 0.2984000E+01  0.5791848E-01  0.1644989E+00
 0.2986000E+01  0.5791874E-01  0.1645032E+00
 0.2988000E+01  0.5791899E-01  0.1645075E+00
 0.2990000E+01  0.5791924E-01  0.1645117E+00
 0.2992000E+01  0.5791949E-01  0.1645160E+00
 0.2994000E+01  0.5791974E-01  0.1645202E+00
 0.2996000E+01  0.5791998E-01  0.1645243E+00
 0.2998000E+01  0.5792023E-01  0.1645285E+00
 0.3000000E+01  0.5792048E-01  0.1645326E+00
 0.3002000E+01  0.5792072E-01  0.1645367E+00
 0.3004000E+01  0.5792097E-01  0.1645408E+00
 0.3006000E+01  0.5792121E-01  0.1645449E+00
 0.3008000E+01  0.5792145E-01  0.1645489E+00
 0.3010000E+01  0.5792170E-01  0.1645529E+00
 0.3012000E+01  0.5792194E-01  0.1645569E+00
 0.3014000E+01  0.5792218E-01  0.1645608E+00
 0.3016000E+01  0.5792241E-01  0.1645648E+00
 0.3018000E+01  0.5792265E-01  0.1645687E+00
 0.3020000E+01  0.5792289E-01  0.1645726E+00
 0.3022000E+01  0.5792312E-01  0.1645764E+00
 0.3024000E+01  0.5792336E-01  0.1645803E+00
 0.3026000E+01  0.5792359E-01  0.1645841E+00
 0.3028000E+01  0.5792382E-01  0.1645879E+00
 0.3030000E+01  0.5792405E-01  0.1645916E+00
 0.3032000E+01  0.5792428E-01  0.1645954E+00
 0.3034000E+01  0.5792451E-01  0.1645991E+00
 0.3036000E+01  0.5792474E-01  0.1646028E+00
 0.3038000E+01  0.5792496E-01  0.1646065E+00
 0.3040000E+01  0.5792519E-01  0.1646101E+00
 0.3042000E+01  0.5792541E-01  0.1646137E+00
 0.3044000E+01  0.5792563E-01  0.1646173E+00
 0.3046000E+01  0.5792585E-01  0.1646209E+00
 0.3048000E+01  0.5792607E-01  0.1646245E+00
 0.3050000E+01  0.5792629E-01  0.1646280E+00
 0.3052000E+01  0.5792650E-01  0.1646315E+00
 0.3054000E+01  0.5792672E-01  0.1646350E+00
 0.3056000E+01  0.5792693E-01  0.1646385E+00
 0.3058000E+01  0.5792714E-01  0.1646420E+00
 0.3060000E+01  0.5792736E-01  0.1646454E+00
 0.3062000E+01  0.5792756E-01  0.1646488E+00
 0.3064000E+01  0.5792777E-01  0.1646522E+00
 0.3066000E+01  0.5792798E-01  0.1646556E+00
 0.3068000E+01  0.5792818E-01  0.1646589E+00
 0.3070000E+01  0.5792839E-01  0.1646622E+00
 0.3072000E+01  0.5792859E-01  0.1646656E+00
 0.3074000E+01  0.5792879E-01  0.1646688E+00
 0.3076000E+01  0.5792899E-01  0.1646721E+00
 0.3078000E+01  0.5792919E-01  0.1646754E+00
 0.3080000E+01  0.5792938E-01  0.1646786E+00
 0.3082000E+01  0.5792958E-01  0.1646818E+00
 0.3084000E+01  0.5792977E-01  0.1646850E+00
 0.3086000E+01  0.5792996E-01  0.1646882E+00
 0.3088000E+01  0.5793015E-01  0.1646913E+00
 0.3090000E+01  0.5793034E-01  0.1646944E+00
 0.3092000E+01  0.5793053E-01  0.1646975E+00
 0.3094000E+01  0.5793071E-01  0.1647006E+00
 0.3096000E+01  0.5793090E-01  0.1647037E+00
 0.3098000E+01  0.5793108E-01  0.1647068E+00
 0.3100000E+01  0.5793126E-01  0.1647098E+00
 0.3102000E+01  0.5793144E-01  0.1647128E+00
 0.3104000E+01  0.5793162E-01  0.1647158E+00
 0.3106000E+01  0.5793179E-01  0.1647188E+00
 0.3108000E+01  0.5793197E-01  0.1647218E+00
 0.3110000E+01  0.5793214E-01  0.1647247E+00
 0.3112000E+01  0.5793231E-01  0.1647277E+00
 0.3114000E+01  0.5793248E-01  0.1647306E+00
 0.3116000E+01  0.5793265E-01  0.1647335E+00
 0.3118000E+01  0.5793281E-01  0.1647364E+00
 0.3120000E+01  0.5793298E-01  0.1647392E+00
 0.3122000E+01  0.5793314E-01  0.1647421E+00
 0.3124000E+01  0.5793330E-01  0.1647449E+00
 0.3126000E+01  0.5793346E-01  0.1647477E+00
 0.3128000E+01  0.5793362E-01  0.1647505E+00
 0.3130000E+01  0.5793377E-01  0.1647533E+00
 0.3132000E+01  0.5793393E-01  0.1647561E+00
 0.3134000E+01  0.5793408E-01  0.1647588E+00
 0.3136000E+01  0.5793423E-01  0.1647615E+00
 0.3138000E+01  0.5793438E-01  0.1647642E+00
 0.3140000E+01  0.5793453E-01  0.1647669E+00
 0.3142000E+01  0.5793467E-01  0.1647696E+00
 0.3144000E+01  0.5793482E-01  0.1647723E+00
 0.3146000E+01  0.5793496E-01  0.1647750E+00
 0.3148000E+01  0.5793510E-01  0.1647776E+00
 0.3150000E+01  0.5793524E-01  0.1647802E+00
 0.3152000E+01  0.5793538E-01  0.1647828E+00
 0.3154000E+01  0.5793551E-01  0.1647854E+00
 0.3156000E+01  0.5793565E-01  0.1647880E+00
 0.3158000E+01  0.5793578E-01  0.1647906E+00
 0.3160000E+01  0.5793591E-01  0.1647931E+00
 0.3162000E+01  0.5793604E-01  0.1647957E+00
 0.3164000E+01  0.5793616E-01  0.1647982E+00
 0.3166000E+01  0.5793629E-01  0.1648007E+00
 0.3168000E+01  0.5793641E-01  0.1648032E+00
 0.3170000E+01  0.5793654E-01  0.1648057E+00
 0.3172000E+01  0.5793666E-01  0.1648081E+00
 0.3174000E+01  0.5793677E-01  0.1648106E+00
 0.3176000E+01  0.5793689E-01  0.1648130E+00
 0.3178000E+01  0.5793701E-01  0.1648155E+00
 0.3180000E+01  0.5793712E-01  0.1648179E+00
 0.3182000E+01  0.5793723E-01  0.1648203E+00
 0.3184000E+01  0.5793734E-01  0.1648227E+00
 0.3186000E+01  0.5793745E-01  0.1648251E+00
 0.3188000E+01  0.5793756E-01  0.1648274E+00
 0.3190000E+01  0.5793766E-01  0.1648298E+00
 0.3192000E+01  0.5793777E-01  0.1648321E+00
 0.3194000E+01  0.5793787E-01  0.1648344E+00
 0.3196000E+01  0.5793797E-01  0.1648368E+00
 0.3198000E+01  0.5793807E-01  0.1648391E+00
 0.3200000E+01  0.5793817E-01  0.1648413E+00
 0.3202000E+01  0.5793826E-01  0.1648436E+00
 0.3204000E+01  0.5793836E-01  0.1648459E+00
 0.3206000E+01  0.5793845E-01  0.1648481E+00
 0.3208000E+01  0.5793854E-01  0.1648504E+00
 0.3210000E+01  0.5793863E-01  0.1648526E+00
 0.3212000E+01  0.5793872E-01  0.1648548E+00
 0.3214000E+01  0.5793880E-01  0.1648570E+00
 0.3216000E+01  0.5793889E-01  0.1648592E+00
 0.3218000E+01  0.5793897E-01  0.1648614E+00
 0.3220000E+01  0.5793905E-01  0.1648636E+00
 0.3222000E+01  0.5793913E-01  0.1648658E+00
 0.3224000E+01  0.5793921E-01  0.1648679E+00
 0.3226000E+01  0.5793928E-01  0.1648701E+00
 0.3228000E+01  0.5793936E-01  0.1648722E+00
 0.3230000E+01  0.5793943E-01  0.1648743E+00
 0.3232000E+01  0.5793950E-01  0.1648764E+00
 0.3234000E+01  0.5793957E-01  0.1648785E+00
 0.3236000E+01  0.5793964E-01  0.1648806E+00
 0.3238000E+01  0.5793971E-01  0.1648827E+00
 0.3240000E+01  0.5793977E-01  0.1648848E+00
 0.3242000E+01  0.5793984E-01  0.1648868E+00
 0.3244000E+01  0.5793990E-01  0.1648889E+00
 0.3246000E+01  0.5793996E-01  0.1648909E+00
 0.3248000E+01  0.5794002E-01  0.1648930E+00
 0.3250000E+01  0.5794008E-01  0.1648950E+00
 0.3252000E+01  0.5794014E-01  0.1648970E+00
 0.3254000E+01  0.5794019E-01  0.1648990E+00
 0.3256000E+01  0.5794024E-01  0.1649010E+00
 0.3258000E+01  0.5794030E-01  0.1649030E+00
 0.3260000E+01  0.5794035E-01  0.1649050E+00
 0.3262000E+01  0.5794040E-01  0.1649069E+00
 0.3264000E+01  0.5794045E-01  0.1649089E+00
 0.3266000E+01  0.5794049E-01  0.1649108E+00
 0.3268000E+01  0.5794054E-01  0.1649128E+00
 0.3270000E+01  0.5794058E-01  0.1649147E+00
 0.3272000E+01  0.5794062E-01  0.1649166E+00
 0.3274000E+01  0.5794066E-01  0.1649185E+00
 0.3276000E+01  0.5794070E-01  0.1649205E+00
 0.3278000E+01  0.5794074E-01  0.1649223E+00
 0.3280000E+01  0.5794078E-01  0.1649242E+00
 0.3282000E+01  0.5794082E-01  0.1649261E+00
 0.3284000E+01  0.5794085E-01  0.1649280E+00
 0.3286000E+01  0.5794088E-01  0.1649299E+00
 0.3288000E+01  0.5794092E-01  0.1649317E+00
 0.3290000E+01  0.5794095E-01  0.1649336E+00
 0.3292000E+01  0.5794098E-01  0.1649354E+00
 0.3294000E+01  0.5794100E-01  0.1649372E+00
 0.3296000E+01  0.5794103E-01  0.1649391E+00
 0.3298000E+01  0.5794106E-01  0.1649409E+00
 0.3300000E+01  0.5794108E-01  0.1649427E+00
 0.3302000E+01  0.5794110E-01  0.1649445E+00
 0.3304000E+01  0.5794113E-01  0.1649463E+00
 0.3306000E+01  0.5794115E-01  0.1649481E+00
 0.3308000E+01  0.5794117E-01  0.1649498E+00
 0.3310000E+01  0.5794118E-01  0.1649516E+00
 0.3312000E+01  0.5794120E-01  0.1649534E+00
 0.3314000E+01  0.5794122E-01  0.1649551E+00
 0.3316000E+01  0.5794123E-01  0.1649569E+00
 0.3318000E+01  0.5794125E-01  0.1649586E+00
 0.3320000E+01  0.5794126E-01  0.1649604E+00
 0.3322000E+01  0.5794127E-01  0.1649621E+00
 0.3324000E+01  0.5794128E-01  0.1649638E+00
 0.3326000E+01  0.5794129E-01  0.1649655E+00
 0.3328000E+01  0.5794130E-01  0.1649672E+00
 0.3330000E+01  0.5794131E-01  0.1649689E+00
 0.3332000E+01  0.5794131E-01  0.1649706E+00
 0.3334000E+01  0.5794132E-01  0.1649723E+00
 0.3336000E+01  0.5794132E-01  0.1649740E+00
 0.3338000E+01  0.5794133E-01  0.1649757E+00
 0.3340000E+01  0.5794133E-01  0.1649773E+00
 0.3342000E+01  0.5794133E-01  0.1649790E+00
 0.3344000E+01  0.5794133E-01  0.1649806E+00
 0.3346000E+01  0.5794133E-01  0.1649823E+00
 0.3348000E+01  0.5794133E-01  0.1649839E+00
 0.3350000E+01  0.5794132E-01  0.1649856E+00
 0.3352000E+01  0.5794132E-01  0.1649872E+00
 0.3354000E+01  0.5794132E-01  0.1649888E+00
 0.3356000E+01  0.5794131E-01  0.1649904E+00
 0.3358000E+01  0.5794130E-01  0.1649920E+00
 0.3360000E+01  0.5794130E-01  0.1649936E+00
 0.3362000E+01  0.5794129E-01  0.1649952E+00
 0.3364000E+01  0.5794128E-01  0.1649968E+00
 0.3366000E+01  0.5794127E-01  0.1649984E+00
 0.3368000E+01  0.5794126E-01  0.1650000E+00
 0.3370000E+01  0.5794125E-01  0.1650016E+00
 0.3372000E+01  0.5794124E-01  0.1650031E+00
 0.3374000E+01  0.5794122E-01  0.1650047E+00
 0.3376000E+01  0.5794121E-01  0.1650062E+00
 0.3378000E+01  0.5794119E-01  0.1650078E+00
 0.3380000E+01  0.5794118E-01  0.1650093E+00
 0.3382000E+01  0.5794116E-01  0.1650109E+00
 0.3384000E+01  0.5794115E-01  0.1650124E+00
 0.3386000E+01  0.5794113E-01  0.1650139E+00
 0.3388000E+01  0.5794111E-01  0.1650154E+00
 0.3390000E+01  0.5794109E-01  0.1650170E+00
 0.3392000E+01  0.5794107E-01  0.1650185E+00
 0.3394000E+01  0.5794105E-01  0.1650200E+00
 0.3396000E+01  0.5794103E-01  0.1650215E+00
 0.3398000E+01  0.5794101E-01  0.1650230E+00
 0.3400000E+01  0.5794098E-01  0.1650245E+00
 0.3402000E+01  0.5794096E-01  0.1650259E+00
 0.3404000E+01  0.5794094E-01  0.1650274E+00
 0.3406000E+01  0.5794091E-01  0.1650289E+00
 0.3408000E+01  0.5794089E-01  0.1650304E+00
 0.3410000E+01  0.5794086E-01  0.1650318E+00
 0.3412000E+01  0.5794084E-01  0.1650333E+00
 0.3414000E+01  0.5794081E-01  0.1650347E+00
 0.3416000E+01  0.5794078E-01  0.1650362E+00
 0.3418000E+01  0.5794075E-01  0.1650376E+00
 0.3420000E+01  0.5794073E-01  0.1650390E+00
 0.3422000E+01  0.5794070E-01  0.1650405E+00
 0.3424000E+01  0.5794067E-01  0.1650419E+00
 0.3426000E+01  0.5794064E-01  0.1650433E+00
 0.3428000E+01  0.5794061E-01  0.1650447E+00
 0.3430000E+01  0.5794058E-01  0.1650461E+00
 0.3432000E+01  0.5794054E-01  0.1650475E+00
 0.3434000E+01  0.5794051E-01  0.1650489E+00
 0.3436000E+01  0.5794048E-01  0.1650503E+00
 0.3438000E+01  0.5794045E-01  0.1650517E+00
 0.3440000E+01  0.5794041E-01  0.1650531E+00
 0.3442000E+01  0.5794038E-01  0.1650545E+00
 0.3444000E+01  0.5794035E-01  0.1650558E+00
 0.3446000E+01  0.5794031E-01  0.1650572E+00
 0.3448000E+01  0.5794028E-01  0.1650586E+00
 0.3450000E+01  0.5794024E-01  0.1650599E+00
 0.3452000E+01  0.5794021E-01  0.1650613E+00
 0.3454000E+01  0.5794017E-01  0.1650626E+00
 0.3456000E+01  0.5794013E-01  0.1650640E+00
 0.3458000E+01  0.5794010E-01  0.1650653E+00
 0.3460000E+01  0.5794006E-01  0.1650667E+00
 0.3462000E+01  0.5794002E-01  0.1650680E+00
 0.3464000E+01  0.5793998E-01  0.1650693E+00
 0.3466000E+01  0.5793995E-01  0.1650706E+00
 0.3468000E+01  0.5793991E-01  0.1650719E+00
 0.3470000E+01  0.5793987E-01  0.1650733E+00
 0.3472000E+01  0.5793983E-01  0.1650746E+00
 0.3474000E+01  0.5793979E-01  0.1650759E+00
 0.3476000E+01  0.5793975E-01  0.1650772E+00
 0.3478000E+01  0.5793971E-01  0.1650784E+00
 0.3480000E+01  0.5793967E-01  0.1650797E+00
 0.3482000E+01  0.5793963E-01  0.1650810E+00
 0.3484000E+01  0.5793959E-01  0.1650823E+00
 0.3486000E+01  0.5793955E-01  0.1650836E+00
 0.3488000E+01  0.5793951E-01  0.1650848E+00
 0.3490000E+01  0.5793947E-01  0.1650861E+00
 0.3492000E+01  0.5793943E-01  0.1650874E+00
 0.3494000E+01  0.5793939E-01  0.1650886E+00
 0.3496000E+01  0.5793934E-01  0.1650899E+00
 0.3498000E+01  0.5793930E-01  0.1650911E+00
 0.3500000E+01  0.5793926E-01  0.1650923E+00
 0.3502000E+01  0.5793922E-01  0.1650936E+00
 0.3504000E+01  0.5793918E-01  0.1650948E+00
 0.3506000E+01  0.5793913E-01  0.1650960E+00
 0.3508000E+01  0.5793909E-01  0.1650973E+00
 0.3510000E+01  0.5793905E-01  0.1650985E+00
 0.3512000E+01  0.5793901E-01  0.1650997E+00
 0.3514000E+01  0.5793896E-01  0.1651009E+00
 0.3516000E+01  0.5793892E-01  0.1651021E+00
 0.3518000E+01  0.5793888E-01  0.1651033E+00
 0.3520000E+01  0.5793883E-01  0.1651045E+00
 0.3522000E+01  0.5793879E-01  0.1651057E+00
 0.3524000E+01  0.5793875E-01  0.1651069E+00
 0.3526000E+01  0.5793870E-01  0.1651080E+00
 0.3528000E+01  0.5793866E-01  0.1651092E+00
 0.3530000E+01  0.5793862E-01  0.1651104E+00
 0.3532000E+01  0.5793857E-01  0.1651116E+00
 0.3534000E+01  0.5793853E-01  0.1651127E+00
 0.3536000E+01  0.5793849E-01  0.1651139E+00
 0.3538000E+01  0.5793844E-01  0.1651150E+00
 0.3540000E+01  0.5793840E-01  0.1651162E+00
 0.3542000E+01  0.5793836E-01  0.1651173E+00
 0.3544000E+01  0.5793831E-01  0.1651185E+00
 0.3546000E+01  0.5793827E-01  0.1651196E+00
 0.3548000E+01  0.5793823E-01  0.1651207E+00
 0.3550000E+01  0.5793818E-01  0.1651219E+00
 0.3552000E+01  0.5793814E-01  0.1651230E+00
 0.3554000E+01  0.5793810E-01  0.1651241E+00
 0.3556000E+01  0.5793805E-01  0.1651252E+00
 0.3558000E+01  0.5793801E-01  0.1651263E+00
 0.3560000E+01  0.5793797E-01  0.1651274E+00
 0.3562000E+01  0.5793792E-01  0.1651285E+00
 0.3564000E+01  0.5793788E-01  0.1651296E+00
 0.3566000E+01  0.5793784E-01  0.1651307E+00
 0.3568000E+01  0.5793779E-01  0.1651318E+00
 0.3570000E+01  0.5793775E-01  0.1651329E+00
 0.3572000E+01  0.5793771E-01  0.1651339E+00
 0.3574000E+01  0.5793767E-01  0.1651350E+00
 0.3576000E+01  0.5793762E-01  0.1651361E+00
 0.3578000E+01  0.5793758E-01  0.1651372E+00
 0.3580000E+01  0.5793754E-01  0.1651382E+00
 0.3582000E+01  0.5793750E-01  0.1651393E+00
 0.3584000E+01  0.5793745E-01  0.1651403E+00
 0.3586000E+01  0.5793741E-01  0.1651414E+00
 0.3588000E+01  0.5793737E-01  0.1651424E+00
 0.3590000E+01  0.5793733E-01  0.1651434E+00
 0.3592000E+01  0.5793729E-01  0.1651445E+00
 0.3594000E+01  0.5793725E-01  0.1651455E+00
 0.3596000E+01  0.5793720E-01  0.1651465E+00
 0.3598000E+01  0.5793716E-01  0.1651476E+00
 0.3600000E+01  0.5793712E-01  0.1651486E+00
 0.3602000E+01  0.5793708E-01  0.1651496E+00
 0.3604000E+01  0.5793704E-01  0.1651506E+00
 0.3606000E+01  0.5793700E-01  0.1651516E+00
 0.3608000E+01  0.5793696E-01  0.1651526E+00
 0.3610000E+01  0.5793692E-01  0.1651536E+00
 0.3612000E+01  0.5793688E-01  0.1651546E+00
 0.3614000E+01  0.5793684E-01  0.1651556E+00
 0.3616000E+01  0.5793680E-01  0.1651565E+00
 0.3618000E+01  0.5793676E-01  0.1651575E+00
 0.3620000E+01  0.5793672E-01  0.1651585E+00
 0.3622000E+01  0.5793668E-01  0.1651595E+00
 0.3624000E+01  0.5793664E-01  0.1651604E+00
 0.3626000E+01  0.5793660E-01  0.1651614E+00
 0.3628000E+01  0.5793656E-01  0.1651623E+00
 0.3630000E+01  0.5793652E-01  0.1651633E+00
 0.3632000E+01  0.5793649E-01  0.1651642E+00
 0.3634000E+01  0.5793645E-01  0.1651652E+00
 0.3636000E+01  0.5793641E-01  0.1651661E+00
 0.3638000E+01  0.5793637E-01  0.1651670E+00
 0.3640000E+01  0.5793634E-01  0.1651680E+00
 0.3642000E+01  0.5793630E-01  0.1651689E+00
 0.3644000E+01  0.5793626E-01  0.1651698E+00
 0.3646000E+01  0.5793622E-01  0.1651707E+00
 0.3648000E+01  0.5793619E-01  0.1651717E+00
 0.3650000E+01  0.5793615E-01  0.1651726E+00
 0.3652000E+01  0.5793612E-01  0.1651735E+00
 0.3654000E+01  0.5793608E-01  0.1651744E+00
 0.3656000E+01  0.5793604E-01  0.1651753E+00
 0.3658000E+01  0.5793601E-01  0.1651762E+00
 0.3660000E+01  0.5793597E-01  0.1651770E+00
 0.3662000E+01  0.5793594E-01  0.1651779E+00
 0.3664000E+01  0.5793590E-01  0.1651788E+00
 0.3666000E+01  0.5793587E-01  0.1651797E+00
 0.3668000E+01  0.5793583E-01  0.1651805E+00
 0.3670000E+01  0.5793580E-01  0.1651814E+00
 0.3672000E+01  0.5793577E-01  0.1651823E+00
 0.3674000E+01  0.5793573E-01  0.1651831E+00
 0.3676000E+01  0.5793570E-01  0.1651840E+00
 0.3678000E+01  0.5793567E-01  0.1651848E+00
 0.3680000E+01  0.5793563E-01  0.1651857E+00
 0.3682000E+01  0.5793560E-01  0.1651865E+00
 0.3684000E+01  0.5793557E-01  0.1651874E+00
 0.3686000E+01  0.5793554E-01  0.1651882E+00
 0.3688000E+01  0.5793551E-01  0.1651890E+00
 0.3690000E+01  0.5793547E-01  0.1651898E+00
 0.3692000E+01  0.5793544E-01  0.1651907E+00
 0.3694000E+01  0.5793541E-01  0.1651915E+00
 0.3696000E+01  0.5793538E-01  0.1651923E+00
 0.3698000E+01  0.5793535E-01  0.1651931E+00
 0.3700000E+01  0.5793532E-01  0.1651939E+00
 0.3702000E+01  0.5793529E-01  0.1651947E+00
 0.3704000E+01  0.5793526E-01  0.1651955E+00
 0.3706000E+01  0.5793523E-01  0.1651963E+00
 0.3708000E+01  0.5793520E-01  0.1651971E+00
 0.3710000E+01  0.5793517E-01  0.1651978E+00
 0.3712000E+01  0.5793514E-01  0.1651986E+00
 0.3714000E+01  0.5793512E-01  0.1651994E+00
 0.3716000E+01  0.5793509E-01  0.1652002E+00
 0.3718000E+01  0.5793506E-01  0.1652009E+00
 0.3720000E+01  0.5793503E-01  0.1652017E+00
 0.3722000E+01  0.5793500E-01  0.1652025E+00
 0.3724000E+01  0.5793498E-01  0.1652032E+00
 0.3726000E+01  0.5793495E-01  0.1652040E+00
 0.3728000E+01  0.5793492E-01  0.1652047E+00
 0.3730000E+01  0.5793490E-01  0.1652055E+00
 0.3732000E+01  0.5793487E-01  0.1652062E+00
 0.3734000E+01  0.5793484E-01  0.1652069E+00
 0.3736000E+01  0.5793482E-01  0.1652077E+00
 0.3738000E+01  0.5793479E-01  0.1652084E+00
 0.3740000E+01  0.5793477E-01  0.1652091E+00
 0.3742000E+01  0.5793474E-01  0.1652098E+00
 0.3744000E+01  0.5793472E-01  0.1652105E+00
 0.3746000E+01  0.5793469E-01  0.1652113E+00
 0.3748000E+01  0.5793467E-01  0.1652120E+00
 0.3750000E+01  0.5793465E-01  0.1652127E+00
 0.3752000E+01  0.5793462E-01  0.1652134E+00
 0.3754000E+01  0.5793460E-01  0.1652141E+00
 0.3756000E+01  0.5793458E-01  0.1652147E+00
 0.3758000E+01  0.5793455E-01  0.1652154E+00
 0.3760000E+01  0.5793453E-01  0.1652161E+00
 0.3762000E+01  0.5793451E-01  0.1652168E+00
 0.3764000E+01  0.5793449E-01  0.1652175E+00
 0.3766000E+01  0.5793446E-01  0.1652181E+00
 0.3768000E+01  0.5793444E-01  0.1652188E+00
 0.3770000E+01  0.5793442E-01  0.1652195E+00
 0.3772000E+01  0.5793440E-01  0.1652201E+00
 0.3774000E+01  0.5793438E-01  0.1652208E+00
 0.3776000E+01  0.5793436E-01  0.1652214E+00
 0.3778000E+01  0.5793434E-01  0.1652221E+00
 0.3780000E+01  0.5793432E-01  0.1652227E+00
 0.3782000E+01  0.5793430E-01  0.1652234E+00
 0.3784000E+01  0.5793428E-01  0.1652240E+00
 0.3786000E+01  0.5793426E-01  0.1652247E+00
 0.3788000E+01  0.5793424E-01  0.1652253E+00
 0.3790000E+01  0.5793422E-01  0.1652259E+00
 0.3792000E+01  0.5793420E-01  0.1652265E+00
 0.3794000E+01  0.5793418E-01  0.1652272E+00
 0.3796000E+01  0.5793416E-01  0.1652278E+00
 0.3798000E+01  0.5793414E-01  0.1652284E+00
 0.3800000E+01  0.5793413E-01  0.1652290E+00
 0.3802000E+01  0.5793411E-01  0.1652296E+00
 0.3804000E+01  0.5793409E-01  0.1652302E+00
 0.3806000E+01  0.5793407E-01  0.1652308E+00
 0.3808000E+01  0.5793406E-01  0.1652314E+00
 0.3810000E+01  0.5793404E-01  0.1652320E+00
 0.3812000E+01  0.5793402E-01  0.1652326E+00
 0.3814000E+01  0.5793401E-01  0.1652332E+00
 0.3816000E+01  0.5793399E-01  0.1652337E+00
 0.3818000E+01  0.5793397E-01  0.1652343E+00
 0.3820000E+01  0.5793396E-01  0.1652349E+00
 0.3822000E+01  0.5793394E-01  0.1652355E+00
 0.3824000E+01  0.5793393E-01  0.1652360E+00
 0.3826000E+01  0.5793391E-01  0.1652366E+00
 0.3828000E+01  0.5793390E-01  0.1652371E+00
 0.3830000E+01  0.5793388E-01  0.1652377E+00
 0.3832000E+01  0.5793387E-01  0.1652383E+00
 0.3834000E+01  0.5793385E-01  0.1652388E+00
 0.3836000E+01  0.5793384E-01  0.1652394E+00
 0.3838000E+01  0.5793382E-01  0.1652399E+00
 0.3840000E+01  0.5793381E-01  0.1652404E+00
 0.3842000E+01  0.5793380E-01  0.1652410E+00
 0.3844000E+01  0.5793378E-01  0.1652415E+00
 0.3846000E+01  0.5793377E-01  0.1652420E+00
 0.3848000E+01  0.5793376E-01  0.1652426E+00
 0.3850000E+01  0.5793374E-01  0.1652431E+00
 0.3852000E+01  0.5793373E-01  0.1652436E+00
 0.3854000E+01  0.5793372E-01  0.1652441E+00
 0.3856000E+01  0.5793370E-01  0.1652446E+00
 0.3858000E+01  0.5793369E-01  0.1652451E+00
 0.3860000E+01  0.5793368E-01  0.1652456E+00
 0.3862000E+01  0.5793367E-01  0.1652461E+00
 0.3864000E+01  0.5793366E-01  0.1652466E+00
 0.3866000E+01  0.5793364E-01  0.1652471E+00
 0.3868000E+01  0.5793363E-01  0.1652476E+00
 0.3870000E+01  0.5793362E-01  0.1652481E+00
 0.3872000E+01  0.5793361E-01  0.1652486E+00
 0.3874000E+01  0.5793360E-01  0.1652491E+00
 0.3876000E+01  0.5793359E-01  0.1652496E+00
 0.3878000E+01  0.5793358E-01  0.1652501E+00
 0.3880000E+01  0.5793357E-01  0.1652505E+00
 0.3882000E+01  0.5793356E-01  0.1652510E+00
 0.3884000E+01  0.5793355E-01  0.1652515E+00
 0.3886000E+01  0.5793354E-01  0.1652519E+00
 0.3888000E+01  0.5793353E-01  0.1652524E+00
 0.3890000E+01  0.5793352E-01  0.1652529E+00
 0.3892000E+01  0.5793351E-01  0.1652533E+00
 0.3894000E+01  0.5793350E-01  0.1652538E+00
 0.3896000E+01  0.5793349E-01  0.1652542E+00
 0.3898000E+01  0.5793348E-01  0.1652547E+00
 0.3900000E+01  0.5793347E-01  0.1652551E+00
 0.3902000E+01  0.5793346E-01  0.1652556E+00
 0.3904000E+01  0.5793345E-01  0.1652560E+00
 0.3906000E+01  0.5793344E-01  0.1652564E+00
 0.3908000E+01  0.5793343E-01  0.1652569E+00
 0.3910000E+01  0.5793343E-01  0.1652573E+00
 0.3912000E+01  0.5793342E-01  0.1652577E+00
 0.3914000E+01  0.5793341E-01  0.1652581E+00
 0.3916000E+01  0.5793340E-01  0.1652586E+00
 0.3918000E+01  0.5793339E-01  0.1652590E+00
 0.3920000E+01  0.5793338E-01  0.1652594E+00
 0.3922000E+01  0.5793338E-01  0.1652598E+00
 0.3924000E+01  0.5793337E-01  0.1652602E+00
 0.3926000E+01  0.5793336E-01  0.1652606E+00
 0.3928000E+01  0.5793335E-01  0.1652610E+00
 0.3930000E+01  0.5793335E-01  0.1652614E+00
 0.3932000E+01  0.5793334E-01  0.1652618E+00
 0.3934000E+01  0.5793333E-01  0.1652622E+00
 0.3936000E+01  0.5793332E-01  0.1652626E+00
 0.3938000E+01  0.5793332E-01  0.1652630E+00
 0.3940000E+01  0.5793331E-01  0.1652634E+00
 0.3942000E+01  0.5793330E-01  0.1652638E+00
 0.3944000E+01  0.5793330E-01  0.1652642E+00
 0.3946000E+01  0.5793329E-01  0.1652646E+00
 0.3948000E+01  0.5793328E-01  0.1652650E+00
 0.3950000E+01  0.5793328E-01  0.1652653E+00
 0.3952000E+01  0.5793327E-01  0.1652657E+00
 0.3954000E+01  0.5793326E-01  0.1652661E+00
 0.3956000E+01  0.5793326E-01  0.1652664E+00
 0.3958000E+01  0.5793325E-01  0.1652668E+00
 0.3960000E+01  0.5793324E-01  0.1652672E+00
 0.3962000E+01  0.5793324E-01  0.1652675E+00
 0.3964000E+01  0.5793323E-01  0.1652679E+00
 0.3966000E+01  0.5793323E-01  0.1652683E+00
 0.3968000E+01  0.5793322E-01  0.1652686E+00
 0.3970000E+01  0.5793321E-01  0.1652690E+00
 0.3972000E+01  0.5793321E-01  0.1652693E+00
 0.3974000E+01  0.5793320E-01  0.1652697E+00
 0.3976000E+01  0.5793320E-01  0.1652700E+00
 0.3978000E+01  0.5793319E-01  0.1652703E+00
 0.3980000E+01  0.5793318E-01  0.1652707E+00
 0.3982000E+01  0.5793318E-01  0.1652710E+00
 0.3984000E+01  0.5793317E-01  0.1652714E+00
 0.3986000E+01  0.5793317E-01  0.1652717E+00
 0.3988000E+01  0.5793316E-01  0.1652720E+00
 0.3990000E+01  0.5793316E-01  0.1652724E+00
 0.3992000E+01  0.5793315E-01  0.1652727E+00
 0.3994000E+01  0.5793315E-01  0.1652730E+00
 0.3996000E+01  0.5793314E-01  0.1652733E+00
 0.3998000E+01  0.5793314E-01  0.1652736E+00
 0.4000000E+01  0.5793313E-01  0.1652740E+00
 0.4002000E+01  0.5793313E-01  0.1652743E+00
 0.4004000E+01  0.5793312E-01  0.1652746E+00
 0.4006000E+01  0.5793312E-01  0.1652749E+00
 0.4008000E+01  0.5793311E-01  0.1652752E+00
 0.4010000E+01  0.5793311E-01  0.1652755E+00
 0.4012000E+01  0.5793310E-01  0.1652758E+00
 0.4014000E+01  0.5793310E-01  0.1652761E+00
 0.4016000E+01  0.5793309E-01  0.1652764E+00
 0.4018000E+01  0.5793309E-01  0.1652767E+00
 0.4020000E+01  0.5793308E-01  0.1652770E+00
 0.4022000E+01  0.5793308E-01  0.1652773E+00
 0.4024000E+01  0.5793307E-01  0.1652776E+00
 0.4026000E+01  0.5793307E-01  0.1652779E+00
 0.4028000E+01  0.5793306E-01  0.1652782E+00
 0.4030000E+01  0.5793306E-01  0.1652785E+00
 0.4032000E+01  0.5793305E-01  0.1652788E+00
 0.4034000E+01  0.5793305E-01  0.1652791E+00
 0.4036000E+01  0.5793304E-01  0.1652793E+00
 0.4038000E+01  0.5793304E-01  0.1652796E+00
 0.4040000E+01  0.5793303E-01  0.1652799E+00
 0.4042000E+01  0.5793303E-01  0.1652802E+00
 0.4044000E+01  0.5793302E-01  0.1652804E+00
 0.4046000E+01  0.5793302E-01  0.1652807E+00
 0.4048000E+01  0.5793301E-01  0.1652810E+00
 0.4050000E+01  0.5793301E-01  0.1652812E+00
 0.4052000E+01  0.5793300E-01  0.1652815E+00
 0.4054000E+01  0.5793300E-01  0.1652818E+00
 0.4056000E+01  0.5793300E-01  0.1652820E+00
 0.4058000E+01  0.5793299E-01  0.1652823E+00
 0.4060000E+01  0.5793299E-01  0.1652826E+00
 0.4062000E+01  0.5793298E-01  0.1652828E+00
 0.4064000E+01  0.5793298E-01  0.1652831E+00
 0.4066000E+01  0.5793297E-01  0.1652833E+00
 0.4068000E+01  0.5793297E-01  0.1652836E+00
 0.4070000E+01  0.5793296E-01  0.1652838E+00
 0.4072000E+01  0.5793296E-01  0.1652841E+00
 0.4074000E+01  0.5793295E-01  0.1652843E+00
 0.4076000E+01  0.5793295E-01  0.1652846E+00
 0.4078000E+01  0.5793294E-01  0.1652848E+00
 0.4080000E+01  0.5793294E-01  0.1652851E+00
 0.4082000E+01  0.5793293E-01  0.1652853E+00
 0.4084000E+01  0.5793293E-01  0.1652855E+00
 0.4086000E+01  0.5793292E-01  0.1652858E+00
 0.4088000E+01  0.5793292E-01  0.1652860E+00
 0.4090000E+01  0.5793291E-01  0.1652862E+00
 0.4092000E+01  0.5793291E-01  0.1652865E+00
 0.4094000E+01  0.5793290E-01  0.1652867E+00
 0.4096000E+01  0.5793290E-01  0.1652869E+00
