 0.2000000E-02  0.0000000E+00  0.7880826E-28
 0.4000000E-02  0.0000000E+00  0.7880826E-28
 0.6000000E-02  0.1602422E-16  0.4955566E-16
 0.8000000E-02  0.1255721E-14  0.3939837E-14
 0.1000000E-01  0.1961122E-13  0.6195486E-13
 0.1200000E-01  0.1481691E-12  0.4699742E-12
 0.1400000E-01  0.7355337E-12  0.2339142E-11
 0.1600000E-01  0.2772757E-11  0.8834018E-11
 0.1800000E-01  0.8602670E-11  0.2744452E-10
 0.2000000E-01  0.2308164E-10  0.7370872E-10
 0.2200000E-01  0.5533547E-10  0.1768405E-09
 0.2400000E-01  0.1212587E-09  0.3877390E-09
 0.2600000E-01  0.2469100E-09  0.7898665E-09
 0.2800000E-01  0.4729560E-09  0.1513480E-08
 0.3000000E-01  0.8603136E-09  0.2753684E-08
 0.3200000E-01  0.1497131E-08  0.4792764E-08
 0.3400000E-01  0.2507246E-08  0.8027191E-08
 0.3600000E-01  0.4060231E-08  0.1299971E-07
 0.3800000E-01  0.6383152E-08  0.2043678E-07
 0.4000000E-01  0.9774115E-08  0.3129172E-07
 0.4200000E-01  0.1461768E-07  0.4679371E-07
 0.4400000E-01  0.2140220E-07  0.6850278E-07
 0.4600000E-01  0.3073914E-07  0.9837100E-07
 0.4800000E-01  0.4338436E-07  0.1388097E-06
 0.5000000E-01  0.6026133E-07  0.1927627E-06
 0.5200000E-01  0.8248640E-07  0.2637860E-06
 0.5400000E-01  0.1113959E-06  0.3561323E-06
 0.5600000E-01  0.1485751E-06  0.4748418E-06
 0.5800000E-01  0.1958888E-06  0.6258383E-06
 0.6000000E-01  0.2555138E-06  0.8160290E-06
 0.6200000E-01  0.3299730E-06  0.1053410E-05
 0.6400000E-01  0.4221702E-06  0.1347174E-05
 0.6600000E-01  0.5354269E-06  0.1707825E-05
 0.6800000E-01  0.6735198E-06  0.2147288E-05
 0.7000000E-01  0.8407191E-06  0.2679031E-05
 0.7200000E-01  0.1041828E-05  0.3318179E-05
 0.7400000E-01  0.1282222E-05  0.4081635E-05
 0.7600000E-01  0.1567887E-05  0.4988197E-05
 0.7800000E-01  0.1905464E-05  0.6058674E-05
 0.8000000E-01  0.2302282E-05  0.7316007E-05
 0.8200000E-01  0.2766403E-05  0.8785376E-05
 0.8400000E-01  0.3306658E-05  0.1049431E-04
 0.8600000E-01  0.3932682E-05  0.1247281E-04
 0.8800000E-01  0.4654955E-05  0.1475340E-04
 0.9000000E-01  0.5484836E-05  0.1737130E-04
 0.9200000E-01  0.6434592E-05  0.2036445E-04
 0.9400000E-01  0.7517435E-05  0.2377360E-04
 0.9600000E-01  0.8747548E-05  0.2764241E-04
 0.9800000E-01  0.1014011E-04  0.3201752E-04
 0.1000000E+00  0.1171134E-04  0.3694854E-04
 0.1020000E+00  0.1347847E-04  0.4248819E-04
 0.1040000E+00  0.1545982E-04  0.4869225E-04
 0.1060000E+00  0.1767480E-04  0.5561964E-04
 0.1080000E+00  0.2014388E-04  0.6333241E-04
 0.1100000E+00  0.2288865E-04  0.7189575E-04
 0.1120000E+00  0.2593182E-04  0.8137796E-04
 0.1140000E+00  0.2929720E-04  0.9185046E-04
 0.1160000E+00  0.3300969E-04  0.1033877E-03
 0.1180000E+00  0.3709532E-04  0.1160672E-03
 0.1200000E+00  0.4158121E-04  0.1299695E-03
 0.1220000E+00  0.4649556E-04  0.1451777E-03
 0.1240000E+00  0.5186761E-04  0.1617781E-03
 0.1260000E+00  0.5772769E-04  0.1798595E-03
 0.1280000E+00  0.6410712E-04  0.1995133E-03
 0.1300000E+00  0.7103821E-04  0.2208333E-03
 0.1320000E+00  0.7855424E-04  0.2439156E-03
 0.1340000E+00  0.8668942E-04  0.2688588E-03
 0.1360000E+00  0.9547883E-04  0.2957630E-03
 0.1380000E+00  0.1049584E-03  0.3247305E-03
 0.1400000E+00  0.1151648E-03  0.3558652E-03
 0.1420000E+00  0.1261356E-03  0.3892723E-03
 0.1440000E+00  0.1379089E-03  0.4250585E-03
 0.1460000E+00  0.1505234E-03  0.4633314E-03
 0.1480000E+00  0.1640186E-03  0.5041994E-03
 0.1500000E+00  0.1784343E-03  0.5477717E-03
 0.1520000E+00  0.1938109E-03  0.5941578E-03
 0.1540000E+00  0.2101891E-03  0.6434673E-03
 0.1560000E+00  0.2276098E-03  0.6958097E-03
 0.1580000E+00  0.2461143E-03  0.7512942E-03
 0.1600000E+00  0.2657442E-03  0.8100293E-03
 0.1620000E+00  0.2865408E-03  0.8721230E-03
 0.1640000E+00  0.3085458E-03  0.9376818E-03
 0.1660000E+00  0.3318006E-03  0.1006811E-02
 0.1680000E+00  0.3563466E-03  0.1079614E-02
 0.1700000E+00  0.3822250E-03  0.1156194E-02
 0.1720000E+00  0.4094765E-03  0.1236649E-02
 0.1740000E+00  0.4381417E-03  0.1321077E-02
 0.1760000E+00  0.4682606E-03  0.1409573E-02
 0.1780000E+00  0.4998726E-03  0.1502228E-02
 0.1800000E+00  0.5330167E-03  0.1599133E-02
 0.1820000E+00  0.5677311E-03  0.1700371E-02
 0.1840000E+00  0.6040533E-03  0.1806025E-02
 0.1860000E+00  0.6420197E-03  0.1916174E-02
 0.1880000E+00  0.6816663E-03  0.2030891E-02
 0.1900000E+00  0.7230276E-03  0.2150246E-02
 0.1920000E+00  0.7661374E-03  0.2274305E-02
 0.1940000E+00  0.8110283E-03  0.2403130E-02
 0.1960000E+00  0.8577315E-03  0.2536776E-02
 0.1980000E+00  0.9062773E-03  0.2675296E-02
 0.2000000E+00  0.9566944E-03  0.2818735E-02
 0.2020000E+00  0.1009010E-02  0.2967135E-02
 0.2040000E+00  0.1063251E-02  0.3120532E-02
 0.2060000E+00  0.1119441E-02  0.3278956E-02
 0.2080000E+00  0.1177604E-02  0.3442432E-02
 0.2100000E+00  0.1237760E-02  0.3610981E-02
 0.2120000E+00  0.1299930E-02  0.3784614E-02
 0.2140000E+00  0.1364132E-02  0.3963342E-02
 0.2160000E+00  0.1430382E-02  0.4147164E-02
 0.2180000E+00  0.1498695E-02  0.4336079E-02
 0.2200000E+00  0.1569085E-02  0.4530076E-02
 0.2220000E+00  0.1641561E-02  0.4729139E-02
 0.2240000E+00  0.1716134E-02  0.4933247E-02
 0.2260000E+00  0.1792811E-02  0.5142374E-02
 0.2280000E+00  0.1871598E-02  0.5356485E-02
 0.2300000E+00  0.1952499E-02  0.5575542E-02
 0.2320000E+00  0.2035516E-02  0.5799500E-02
 0.2340000E+00  0.2120648E-02  0.6028308E-02
 0.2360000E+00  0.2207894E-02  0.6261911E-02
 0.2380000E+00  0.2297251E-02  0.6500247E-02
 0.2400000E+00  0.2388713E-02  0.6743249E-02
 0.2420000E+00  0.2482272E-02  0.6990844E-02
 0.2440000E+00  0.2577919E-02  0.7242955E-02
 0.2460000E+00  0.2675644E-02  0.7499499E-02
 0.2480000E+00  0.2775433E-02  0.7760388E-02
 0.2500000E+00  0.2877272E-02  0.8025531E-02
 0.2520000E+00  0.2981144E-02  0.8294829E-02
 0.2540000E+00  0.3087032E-02  0.8568181E-02
 0.2560000E+00  0.3194914E-02  0.8845482E-02
 0.2580000E+00  0.3304771E-02  0.9126621E-02
 0.2600000E+00  0.3416578E-02  0.9411484E-02
 0.2620000E+00  0.3530311E-02  0.9699953E-02
 0.2640000E+00  0.3645943E-02  0.9991908E-02
 0.2660000E+00  0.3763447E-02  0.1028722E-01
 0.2680000E+00  0.3882793E-02  0.1058577E-01
 0.2700000E+00  0.4003951E-02  0.1088742E-01
 0.2720000E+00  0.4126888E-02  0.1119204E-01
 0.2740000E+00  0.4251570E-02  0.1149949E-01
 0.2760000E+00  0.4377964E-02  0.1180963E-01
 0.2780000E+00  0.4506032E-02  0.1212232E-01
 0.2800000E+00  0.4635738E-02  0.1243743E-01
 0.2820000E+00  0.4767044E-02  0.1275480E-01
 0.2840000E+00  0.4899910E-02  0.1307430E-01
 0.2860000E+00  0.5034295E-02  0.1339577E-01
 0.2880000E+00  0.5170159E-02  0.1371907E-01
 0.2900000E+00  0.5307459E-02  0.1404404E-01
 0.2920000E+00  0.5446152E-02  0.1437055E-01
 0.2940000E+00  0.5586195E-02  0.1469843E-01
 0.2960000E+00  0.5727542E-02  0.1502755E-01
 0.2980000E+00  0.5870149E-02  0.1535775E-01
 0.3000000E+00  0.6013970E-02  0.1568888E-01
 0.3020000E+00  0.6158959E-02  0.1602079E-01
 0.3040000E+00  0.6305068E-02  0.1635335E-01
 0.3060000E+00  0.6452252E-02  0.1668639E-01
 0.3080000E+00  0.6600461E-02  0.1701977E-01
 0.3100000E+00  0.6749649E-02  0.1735335E-01
 0.3120000E+00  0.6899767E-02  0.1768699E-01
 0.3140000E+00  0.7050768E-02  0.1802054E-01
 0.3160000E+00  0.7202602E-02  0.1835386E-01
 0.3180000E+00  0.7355222E-02  0.1868682E-01
 0.3200000E+00  0.7508579E-02  0.1901927E-01
 0.3220000E+00  0.7662625E-02  0.1935109E-01
 0.3240000E+00  0.7817311E-02  0.1968214E-01
 0.3260000E+00  0.7972589E-02  0.2001230E-01
 0.3280000E+00  0.8128412E-02  0.2034144E-01
 0.3300000E+00  0.8284732E-02  0.2066942E-01
 0.3320000E+00  0.8441501E-02  0.2099615E-01
 0.3340000E+00  0.8598672E-02  0.2132148E-01
 0.3360000E+00  0.8756200E-02  0.2164532E-01
 0.3380000E+00  0.8914036E-02  0.2196754E-01
 0.3400000E+00  0.9072137E-02  0.2228805E-01
 0.3420000E+00  0.9230456E-02  0.2260672E-01
 0.3440000E+00  0.9388949E-02  0.2292347E-01
 0.3460000E+00  0.9547572E-02  0.2323819E-01
 0.3480000E+00  0.9706282E-02  0.2355079E-01
 0.3500000E+00  0.9865035E-02  0.2386118E-01
 0.3520000E+00  0.1002379E-01  0.2416927E-01
 0.3540000E+00  0.1018250E-01  0.2447497E-01
 0.3560000E+00  0.1034114E-01  0.2477820E-01
 0.3580000E+00  0.1049965E-01  0.2507889E-01
 0.3600000E+00  0.1065801E-01  0.2537697E-01
 0.3620000E+00  0.1081616E-01  0.2567236E-01
 0.3640000E+00  0.1097408E-01  0.2596499E-01
 0.3660000E+00  0.1113173E-01  0.2625482E-01
 0.3680000E+00  0.1128908E-01  0.2654177E-01
 0.3700000E+00  0.1144608E-01  0.2682579E-01
 0.3720000E+00  0.1160270E-01  0.2710683E-01
 0.3740000E+00  0.1175892E-01  0.2738485E-01
 0.3760000E+00  0.1191469E-01  0.2765980E-01
 0.3780000E+00  0.1207000E-01  0.2793163E-01
 0.3800000E+00  0.1222480E-01  0.2820032E-01
 0.3820000E+00  0.1237907E-01  0.2846584E-01
 0.3840000E+00  0.1253279E-01  0.2872814E-01
 0.3860000E+00  0.1268592E-01  0.2898721E-01
 0.3880000E+00  0.1283844E-01  0.2924302E-01
 0.3900000E+00  0.1299032E-01  0.2949556E-01
 0.3920000E+00  0.1314154E-01  0.2974480E-01
 0.3940000E+00  0.1329208E-01  0.2999074E-01
 0.3960000E+00  0.1344192E-01  0.3023336E-01
 0.3980000E+00  0.1359103E-01  0.3047267E-01
 0.4000000E+00  0.1373939E-01  0.3070865E-01
 0.4020000E+00  0.1388699E-01  0.3094131E-01
 0.4040000E+00  0.1403380E-01  0.3117064E-01
 0.4060000E+00  0.1417982E-01  0.3139666E-01
 0.4080000E+00  0.1432502E-01  0.3161938E-01
 0.4100000E+00  0.1446939E-01  0.3183880E-01
 0.4120000E+00  0.1461292E-01  0.3205494E-01
 0.4140000E+00  0.1475558E-01  0.3226781E-01
 0.4160000E+00  0.1489738E-01  0.3247744E-01
 0.4180000E+00  0.1503830E-01  0.3268384E-01
 0.4200000E+00  0.1517833E-01  0.3288704E-01
 0.4220000E+00  0.1531745E-01  0.3308707E-01
 0.4240000E+00  0.1545567E-01  0.3328395E-01
 0.4260000E+00  0.1559297E-01  0.3347772E-01
 0.4280000E+00  0.1572934E-01  0.3366840E-01
 0.4300000E+00  0.1586479E-01  0.3385603E-01
 0.4320000E+00  0.1599931E-01  0.3404065E-01
 0.4340000E+00  0.1613288E-01  0.3422230E-01
 0.4360000E+00  0.1626552E-01  0.3440100E-01
 0.4380000E+00  0.1639721E-01  0.3457682E-01
 0.4400000E+00  0.1652795E-01  0.3474978E-01
 0.4420000E+00  0.1665775E-01  0.3491994E-01
 0.4440000E+00  0.1678661E-01  0.3508733E-01
 0.4460000E+00  0.1691451E-01  0.3525201E-01
 0.4480000E+00  0.1704147E-01  0.3541403E-01
 0.4500000E+00  0.1716749E-01  0.3557343E-01
 0.4520000E+00  0.1729257E-01  0.3573027E-01
 0.4540000E+00  0.1741671E-01  0.3588459E-01
 0.4560000E+00  0.1753992E-01  0.3603645E-01
 0.4580000E+00  0.1766220E-01  0.3618591E-01
 0.4600000E+00  0.1778355E-01  0.3633301E-01
 0.4620000E+00  0.1790399E-01  0.3647782E-01
 0.4640000E+00  0.1802351E-01  0.3662039E-01
 0.4660000E+00  0.1814213E-01  0.3676077E-01
 0.4680000E+00  0.1825985E-01  0.3689903E-01
 0.4700000E+00  0.1837669E-01  0.3703522E-01
 0.4720000E+00  0.1849264E-01  0.3716940E-01
 0.4740000E+00  0.1860772E-01  0.3730163E-01
 0.4760000E+00  0.1872194E-01  0.3743197E-01
 0.4780000E+00  0.1883530E-01  0.3756047E-01
 0.4800000E+00  0.1894782E-01  0.3768720E-01
 0.4820000E+00  0.1905951E-01  0.3781222E-01
 0.4840000E+00  0.1917037E-01  0.3793559E-01
 0.4860000E+00  0.1928043E-01  0.3805736E-01
 0.4880000E+00  0.1938969E-01  0.3817761E-01
 0.4900000E+00  0.1949816E-01  0.3829638E-01
 0.4920000E+00  0.1960586E-01  0.3841374E-01
 0.4940000E+00  0.1971280E-01  0.3852975E-01
 0.4960000E+00  0.1981899E-01  0.3864447E-01
 0.4980000E+00  0.1992445E-01  0.3875796E-01
 0.5000000E+00  0.2002918E-01  0.3887029E-01
 0.5020000E+00  0.2013321E-01  0.3898150E-01
 0.5040000E+00  0.2023654E-01  0.3909166E-01
 0.5060000E+00  0.2033920E-01  0.3920083E-01
 0.5080000E+00  0.2044119E-01  0.3930907E-01
 0.5100000E+00  0.2054253E-01  0.3941644E-01
 0.5120000E+00  0.2064324E-01  0.3952299E-01
 0.5140000E+00  0.2074333E-01  0.3962879E-01
 0.5160000E+00  0.2084281E-01  0.3973389E-01
 0.5180000E+00  0.2094171E-01  0.3983835E-01
 0.5200000E+00  0.2104003E-01  0.3994222E-01
 0.5220000E+00  0.2113779E-01  0.4004557E-01
 0.5240000E+00  0.2123502E-01  0.4014845E-01
 0.5260000E+00  0.2133171E-01  0.4025091E-01
 0.5280000E+00  0.2142790E-01  0.4035301E-01
 0.5300000E+00  0.2152359E-01  0.4045481E-01
 0.5320000E+00  0.2161880E-01  0.4055635E-01
 0.5340000E+00  0.2171355E-01  0.4065770E-01
 0.5360000E+00  0.2180785E-01  0.4075890E-01
 0.5380000E+00  0.2190173E-01  0.4086001E-01
 0.5400000E+00  0.2199519E-01  0.4096108E-01
 0.5420000E+00  0.2208825E-01  0.4106216E-01
 0.5440000E+00  0.2218093E-01  0.4116330E-01
 0.5460000E+00  0.2227325E-01  0.4126455E-01
 0.5480000E+00  0.2236522E-01  0.4136596E-01
 0.5500000E+00  0.2245686E-01  0.4146758E-01
 0.5520000E+00  0.2254818E-01  0.4156946E-01
 0.5540000E+00  0.2263920E-01  0.4167165E-01
 0.5560000E+00  0.2272993E-01  0.4177418E-01
 0.5580000E+00  0.2282040E-01  0.4187712E-01
 0.5600000E+00  0.2291062E-01  0.4198050E-01
 0.5620000E+00  0.2300060E-01  0.4208438E-01
 0.5640000E+00  0.2309036E-01  0.4218878E-01
 0.5660000E+00  0.2317992E-01  0.4229377E-01
 0.5680000E+00  0.2326929E-01  0.4239938E-01
 0.5700000E+00  0.2335848E-01  0.4250565E-01
 0.5720000E+00  0.2344752E-01  0.4261262E-01
 0.5740000E+00  0.2353642E-01  0.4272035E-01
 0.5760000E+00  0.2362519E-01  0.4282886E-01
 0.5780000E+00  0.2371386E-01  0.4293821E-01
 0.5800000E+00  0.2380242E-01  0.4304842E-01
 0.5820000E+00  0.2389091E-01  0.4315953E-01
 0.5840000E+00  0.2397933E-01  0.4327160E-01
 0.5860000E+00  0.2406770E-01  0.4338464E-01
 0.5880000E+00  0.2415604E-01  0.4349870E-01
 0.5900000E+00  0.2424436E-01  0.4361382E-01
 0.5920000E+00  0.2433267E-01  0.4373004E-01
 0.5940000E+00  0.2442098E-01  0.4384738E-01
 0.5960000E+00  0.2450932E-01  0.4396588E-01
 0.5980000E+00  0.2459770E-01  0.4408557E-01
 0.6000000E+00  0.2468613E-01  0.4420650E-01
 0.6020000E+00  0.2477462E-01  0.4432868E-01
 0.6040000E+00  0.2486319E-01  0.4445216E-01
 0.6060000E+00  0.2495186E-01  0.4457696E-01
 0.6080000E+00  0.2504062E-01  0.4470313E-01
 0.6100000E+00  0.2512951E-01  0.4483067E-01
 0.6120000E+00  0.2521853E-01  0.4495964E-01
 0.6140000E+00  0.2530769E-01  0.4509005E-01
 0.6160000E+00  0.2539701E-01  0.4522193E-01
 0.6180000E+00  0.2548651E-01  0.4535532E-01
 0.6200000E+00  0.2557618E-01  0.4549024E-01
 0.6220000E+00  0.2566605E-01  0.4562671E-01
 0.6240000E+00  0.2575613E-01  0.4576477E-01
 0.6260000E+00  0.2584642E-01  0.4590444E-01
 0.6280000E+00  0.2593695E-01  0.4604575E-01
 0.6300000E+00  0.2602772E-01  0.4618872E-01
 0.6320000E+00  0.2611875E-01  0.4633337E-01
 0.6340000E+00  0.2621004E-01  0.4647973E-01
 0.6360000E+00  0.2630161E-01  0.4662783E-01
 0.6380000E+00  0.2639347E-01  0.4677768E-01
 0.6400000E+00  0.2648563E-01  0.4692930E-01
 0.6420000E+00  0.2657810E-01  0.4708273E-01
 0.6440000E+00  0.2667089E-01  0.4723798E-01
 0.6460000E+00  0.2676401E-01  0.4739507E-01
 0.6480000E+00  0.2685747E-01  0.4755403E-01
 0.6500000E+00  0.2695128E-01  0.4771487E-01
 0.6520000E+00  0.2704546E-01  0.4787760E-01
 0.6540000E+00  0.2714000E-01  0.4804227E-01
 0.6560000E+00  0.2723493E-01  0.4820887E-01
 0.6580000E+00  0.2733025E-01  0.4837743E-01
 0.6600000E+00  0.2742596E-01  0.4854796E-01
 0.6620000E+00  0.2752209E-01  0.4872049E-01
 0.6640000E+00  0.2761863E-01  0.4889503E-01
 0.6660000E+00  0.2771559E-01  0.4907159E-01
 0.6680000E+00  0.2781300E-01  0.4925019E-01
 0.6700000E+00  0.2791084E-01  0.4943085E-01
 0.6720000E+00  0.2800914E-01  0.4961359E-01
 0.6740000E+00  0.2810789E-01  0.4979840E-01
 0.6760000E+00  0.2820711E-01  0.4998532E-01
 0.6780000E+00  0.2830681E-01  0.5017436E-01
 0.6800000E+00  0.2840699E-01  0.5036551E-01
 0.6820000E+00  0.2850766E-01  0.5055881E-01
 0.6840000E+00  0.2860882E-01  0.5075426E-01
 0.6860000E+00  0.2871049E-01  0.5095188E-01
 0.6880000E+00  0.2881267E-01  0.5115167E-01
 0.6900000E+00  0.2891536E-01  0.5135364E-01
 0.6920000E+00  0.2901858E-01  0.5155781E-01
 0.6940000E+00  0.2912233E-01  0.5176419E-01
 0.6960000E+00  0.2922662E-01  0.5197278E-01
 0.6980000E+00  0.2933145E-01  0.5218360E-01
 0.7000000E+00  0.2943682E-01  0.5239665E-01
 0.7020000E+00  0.2954275E-01  0.5261195E-01
 0.7040000E+00  0.2964924E-01  0.5282949E-01
 0.7060000E+00  0.2975629E-01  0.5304929E-01
 0.7080000E+00  0.2986391E-01  0.5327136E-01
 0.7100000E+00  0.2997211E-01  0.5349570E-01
 0.7120000E+00  0.3008089E-01  0.5372232E-01
 0.7140000E+00  0.3019025E-01  0.5395121E-01
 0.7160000E+00  0.3030019E-01  0.5418240E-01
 0.7180000E+00  0.3041073E-01  0.5441588E-01
 0.7200000E+00  0.3052187E-01  0.5465166E-01
 0.7220000E+00  0.3063361E-01  0.5488975E-01
 0.7240000E+00  0.3074595E-01  0.5513014E-01
 0.7260000E+00  0.3085890E-01  0.5537283E-01
 0.7280000E+00  0.3097246E-01  0.5561784E-01
 0.7300000E+00  0.3108663E-01  0.5586517E-01
 0.7320000E+00  0.3120143E-01  0.5611481E-01
 0.7340000E+00  0.3131684E-01  0.5636676E-01
 0.7360000E+00  0.3143288E-01  0.5662104E-01
 0.7380000E+00  0.3154954E-01  0.5687764E-01
 0.7400000E+00  0.3166683E-01  0.5713656E-01
 0.7420000E+00  0.3178476E-01  0.5739779E-01
 0.7440000E+00  0.3190331E-01  0.5766135E-01
 0.7460000E+00  0.3202250E-01  0.5792722E-01
 0.7480000E+00  0.3214233E-01  0.5819541E-01
 0.7500000E+00  0.3226279E-01  0.5846592E-01
 0.7520000E+00  0.3238390E-01  0.5873873E-01
 0.7540000E+00  0.3250564E-01  0.5901386E-01
 0.7560000E+00  0.3262803E-01  0.5929129E-01
 0.7580000E+00  0.3275106E-01  0.5957103E-01
 0.7600000E+00  0.3287474E-01  0.5985306E-01
 0.7620000E+00  0.3299906E-01  0.6013739E-01
 0.7640000E+00  0.3312402E-01  0.6042401E-01
 0.7660000E+00  0.3324963E-01  0.6071291E-01
 0.7680000E+00  0.3337588E-01  0.6100409E-01
 0.7700000E+00  0.3350278E-01  0.6129754E-01
 0.7720000E+00  0.3363033E-01  0.6159326E-01
 0.7740000E+00  0.3375852E-01  0.6189124E-01
 0.7760000E+00  0.3388735E-01  0.6219146E-01
 0.7780000E+00  0.3401683E-01  0.6249393E-01
 0.7800000E+00  0.3414695E-01  0.6279863E-01
 0.7820000E+00  0.3427771E-01  0.6310556E-01
 0.7840000E+00  0.3440911E-01  0.6341470E-01
 0.7860000E+00  0.3454115E-01  0.6372605E-01
 0.7880000E+00  0.3467383E-01  0.6403959E-01
 0.7900000E+00  0.3480715E-01  0.6435532E-01
 0.7920000E+00  0.3494109E-01  0.6467323E-01
 0.7940000E+00  0.3507568E-01  0.6499330E-01
 0.7960000E+00  0.3521089E-01  0.6531552E-01
 0.7980000E+00  0.3534673E-01  0.6563987E-01
 0.8000000E+00  0.3548319E-01  0.6596636E-01
 0.8020000E+00  0.3562028E-01  0.6629495E-01
 0.8040000E+00  0.3575799E-01  0.6662565E-01
 0.8060000E+00  0.3589631E-01  0.6695843E-01
 0.8080000E+00  0.3603525E-01  0.6729328E-01
 0.8100000E+00  0.3617480E-01  0.6763018E-01
 0.8120000E+00  0.3631496E-01  0.6796913E-01
 0.8140000E+00  0.3645573E-01  0.6831010E-01
 0.8160000E+00  0.3659709E-01  0.6865308E-01
 0.8180000E+00  0.3673905E-01  0.6899805E-01
 0.8200000E+00  0.3688160E-01  0.6934499E-01
 0.8220000E+00  0.3702474E-01  0.6969389E-01
 0.8240000E+00  0.3716847E-01  0.7004473E-01
 0.8260000E+00  0.3731278E-01  0.7039750E-01
 0.8280000E+00  0.3745766E-01  0.7075216E-01
 0.8300000E+00  0.3760311E-01  0.7110871E-01
 0.8320000E+00  0.3774913E-01  0.7146712E-01
 0.8340000E+00  0.3789571E-01  0.7182737E-01
 0.8360000E+00  0.3804284E-01  0.7218945E-01
 0.8380000E+00  0.3819052E-01  0.7255333E-01
 0.8400000E+00  0.3833876E-01  0.7291900E-01
 0.8420000E+00  0.3848752E-01  0.7328642E-01
 0.8440000E+00  0.3863683E-01  0.7365558E-01
 0.8460000E+00  0.3878666E-01  0.7402646E-01
 0.8480000E+00  0.3893701E-01  0.7439903E-01
 0.8500000E+00  0.3908788E-01  0.7477327E-01
 0.8520000E+00  0.3923926E-01  0.7514916E-01
 0.8540000E+00  0.3939114E-01  0.7552667E-01
 0.8560000E+00  0.3954352E-01  0.7590579E-01
 0.8580000E+00  0.3969639E-01  0.7628647E-01
 0.8600000E+00  0.3984974E-01  0.7666871E-01
 0.8620000E+00  0.4000357E-01  0.7705247E-01
 0.8640000E+00  0.4015787E-01  0.7743774E-01
 0.8660000E+00  0.4031263E-01  0.7782447E-01
 0.8680000E+00  0.4046784E-01  0.7821265E-01
 0.8700000E+00  0.4062351E-01  0.7860226E-01
 0.8720000E+00  0.4077961E-01  0.7899326E-01
 0.8740000E+00  0.4093614E-01  0.7938562E-01
 0.8760000E+00  0.4109310E-01  0.7977933E-01
 0.8780000E+00  0.4125048E-01  0.8017435E-01
 0.8800000E+00  0.4140826E-01  0.8057065E-01
 0.8820000E+00  0.4156644E-01  0.8096821E-01
 0.8840000E+00  0.4172502E-01  0.8136699E-01
 0.8860000E+00  0.4188398E-01  0.8176697E-01
 0.8880000E+00  0.4204331E-01  0.8216813E-01
 0.8900000E+00  0.4220301E-01  0.8257042E-01
 0.8920000E+00  0.4236307E-01  0.8297382E-01
 0.8940000E+00  0.4252348E-01  0.8337830E-01
 0.8960000E+00  0.4268423E-01  0.8378384E-01
 0.8980000E+00  0.4284531E-01  0.8419039E-01
 0.9000000E+00  0.4300671E-01  0.8459793E-01
 0.9020000E+00  0.4316843E-01  0.8500643E-01
 0.9040000E+00  0.4333045E-01  0.8541585E-01
 0.9060000E+00  0.4349276E-01  0.8582617E-01
 0.9080000E+00  0.4365536E-01  0.8623736E-01
 0.9100000E+00  0.4381823E-01  0.8664938E-01
 0.9120000E+00  0.4398137E-01  0.8706220E-01
 0.9140000E+00  0.4414476E-01  0.8747579E-01
 0.9160000E+00  0.4430840E-01  0.8789011E-01
 0.9180000E+00  0.4447228E-01  0.8830514E-01
 0.9200000E+00  0.4463638E-01  0.8872084E-01
 0.9220000E+00  0.4480070E-01  0.8913718E-01
 0.9240000E+00  0.4496522E-01  0.8955413E-01
 0.9260000E+00  0.4512994E-01  0.8997165E-01
 0.9280000E+00  0.4529484E-01  0.9038971E-01
 0.9300000E+00  0.4545992E-01  0.9080828E-01
 0.9320000E+00  0.4562516E-01  0.9122732E-01
 0.9340000E+00  0.4579056E-01  0.9164680E-01
 0.9360000E+00  0.4595609E-01  0.9206669E-01
 0.9380000E+00  0.4612176E-01  0.9248695E-01
 0.9400000E+00  0.4628756E-01  0.9290756E-01
 0.9420000E+00  0.4645346E-01  0.9332847E-01
 0.9440000E+00  0.4661946E-01  0.9374965E-01
 0.9460000E+00  0.4678556E-01  0.9417107E-01
 0.9480000E+00  0.4695173E-01  0.9459270E-01
 0.9500000E+00  0.4711797E-01  0.9501450E-01
 0.9520000E+00  0.4728426E-01  0.9543643E-01
 0.9540000E+00  0.4745060E-01  0.9585847E-01
 0.9560000E+00  0.4761697E-01  0.9628058E-01
 0.9580000E+00  0.4778337E-01  0.9670273E-01
 0.9600000E+00  0.4794978E-01  0.9712488E-01
 0.9620000E+00  0.4811619E-01  0.9754700E-01
 0.9640000E+00  0.4828258E-01  0.9796906E-01
 0.9660000E+00  0.4844896E-01  0.9839101E-01
 0.9680000E+00  0.4861530E-01  0.9881284E-01
 0.9700000E+00  0.4878160E-01  0.9923450E-01
 0.9720000E+00  0.4894784E-01  0.9965596E-01
 0.9740000E+00  0.4911401E-01  0.1000772E+00
 0.9760000E+00  0.4928011E-01  0.1004982E+00
 0.9780000E+00  0.4944611E-01  0.1009188E+00
 0.9800000E+00  0.4961202E-01  0.1013391E+00
 0.9820000E+00  0.4977781E-01  0.1017591E+00
 0.9840000E+00  0.4994347E-01  0.1021787E+00
 0.9860000E+00  0.5010900E-01  0.1025978E+00
 0.9880000E+00  0.5027438E-01  0.1030165E+00
 0.9900000E+00  0.5043960E-01  0.1034347E+00
 0.9920000E+00  0.5060466E-01  0.1038524E+00
 0.9940000E+00  0.5076953E-01  0.1042695E+00
 0.9960000E+00  0.5093420E-01  0.1046860E+00
 0.9980000E+00  0.5109868E-01  0.1051018E+00
 0.1000000E+01  0.5126293E-01  0.1055171E+00
 0.1002000E+01  0.5142696E-01  0.1059316E+00
 0.1004000E+01  0.5159075E-01  0.1063454E+00
 0.1006000E+01  0.5175429E-01  0.1067585E+00
 0.1008000E+01  0.5191757E-01  0.1071708E+00
 0.1010000E+01  0.5208058E-01  0.1075823E+00
 0.1012000E+01  0.5224330E-01  0.1079930E+00
 0.1014000E+01  0.5240572E-01  0.1084028E+00
 0.1016000E+01  0.5256784E-01  0.1088117E+00
 0.1018000E+01  0.5272964E-01  0.1092196E+00
 0.1020000E+01  0.5289112E-01  0.1096266E+00
 0.1022000E+01  0.5305225E-01  0.1100326E+00
 0.1024000E+01  0.5321303E-01  0.1104376E+00
 0.1026000E+01  0.5337345E-01  0.1108416E+00
 0.1028000E+01  0.5353349E-01  0.1112445E+00
 0.1030000E+01  0.5369316E-01  0.1116463E+00
 0.1032000E+01  0.5385242E-01  0.1120470E+00
 0.1034000E+01  0.5401128E-01  0.1124465E+00
 0.1036000E+01  0.5416973E-01  0.1128448E+00
 0.1038000E+01  0.5432774E-01  0.1132419E+00
 0.1040000E+01  0.5448532E-01  0.1136378E+00
 0.1042000E+01  0.5464245E-01  0.1140325E+00
 0.1044000E+01  0.5479912E-01  0.1144258E+00
 0.1046000E+01  0.5495532E-01  0.1148179E+00
 0.1048000E+01  0.5511104E-01  0.1152086E+00
 0.1050000E+01  0.5526627E-01  0.1155979E+00
 0.1052000E+01  0.5542100E-01  0.1159859E+00
 0.1054000E+01  0.5557522E-01  0.1163725E+00
 0.1056000E+01  0.5572892E-01  0.1167576E+00
 0.1058000E+01  0.5588209E-01  0.1171413E+00
 0.1060000E+01  0.5603472E-01  0.1175235E+00
 0.1062000E+01  0.5618679E-01  0.1179042E+00
 0.1064000E+01  0.5633831E-01  0.1182834E+00
 0.1066000E+01  0.5648925E-01  0.1186611E+00
 0.1068000E+01  0.5663962E-01  0.1190372E+00
 0.1070000E+01  0.5678939E-01  0.1194117E+00
 0.1072000E+01  0.5693857E-01  0.1197846E+00
 0.1074000E+01  0.5708714E-01  0.1201559E+00
 0.1076000E+01  0.5723509E-01  0.1205255E+00
 0.1078000E+01  0.5738241E-01  0.1208935E+00
 0.1080000E+01  0.5752910E-01  0.1212598E+00
 0.1082000E+01  0.5767514E-01  0.1216244E+00
 0.1084000E+01  0.5782054E-01  0.1219873E+00
 0.1086000E+01  0.5796526E-01  0.1223485E+00
 0.1088000E+01  0.5810932E-01  0.1227079E+00
 0.1090000E+01  0.5825270E-01  0.1230656E+00
 0.1092000E+01  0.5839539E-01  0.1234215E+00
 0.1094000E+01  0.5853739E-01  0.1237755E+00
 0.1096000E+01  0.5867868E-01  0.1241278E+00
 0.1098000E+01  0.5881926E-01  0.1244782E+00
 0.1100000E+01  0.5895911E-01  0.1248268E+00
 0.1102000E+01  0.5909824E-01  0.1251736E+00
 0.1104000E+01  0.5923664E-01  0.1255184E+00
 0.1106000E+01  0.5937429E-01  0.1258614E+00
 0.1108000E+01  0.5951119E-01  0.1262025E+00
 0.1110000E+01  0.5964733E-01  0.1265417E+00
 0.1112000E+01  0.5978270E-01  0.1268789E+00
 0.1114000E+01  0.5991730E-01  0.1272143E+00
 0.1116000E+01  0.6005112E-01  0.1275477E+00
 0.1118000E+01  0.6018416E-01  0.1278791E+00
 0.1120000E+01  0.6031640E-01  0.1282086E+00
 0.1122000E+01  0.6044784E-01  0.1285361E+00
 0.1124000E+01  0.6057847E-01  0.1288616E+00
 0.1126000E+01  0.6070829E-01  0.1291852E+00
 0.1128000E+01  0.6083729E-01  0.1295067E+00
 0.1130000E+01  0.6096547E-01  0.1298262E+00
 0.1132000E+01  0.6109281E-01  0.1301437E+00
 0.1134000E+01  0.6121932E-01  0.1304592E+00
 0.1136000E+01  0.6134498E-01  0.1307727E+00
 0.1138000E+01  0.6146979E-01  0.1310841E+00
 0.1140000E+01  0.6159375E-01  0.1313935E+00
 0.1142000E+01  0.6171685E-01  0.1317009E+00
 0.1144000E+01  0.6183908E-01  0.1320062E+00
 0.1146000E+01  0.6196044E-01  0.1323094E+00
 0.1148000E+01  0.6208093E-01  0.1326106E+00
 0.1150000E+01  0.6220054E-01  0.1329097E+00
 0.1152000E+01  0.6231926E-01  0.1332068E+00
 0.1154000E+01  0.6243709E-01  0.1335018E+00
 0.1156000E+01  0.6255403E-01  0.1337947E+00
 0.1158000E+01  0.6267007E-01  0.1340855E+00
 0.1160000E+01  0.6278521E-01  0.1343743E+00
 0.1162000E+01  0.6289944E-01  0.1346610E+00
 0.1164000E+01  0.6301276E-01  0.1349456E+00
 0.1166000E+01  0.6312517E-01  0.1352281E+00
 0.1168000E+01  0.6323666E-01  0.1355086E+00
 0.1170000E+01  0.6334723E-01  0.1357869E+00
 0.1172000E+01  0.6345687E-01  0.1360632E+00
 0.1174000E+01  0.6356558E-01  0.1363374E+00
 0.1176000E+01  0.6367337E-01  0.1366096E+00
 0.1178000E+01  0.6378022E-01  0.1368796E+00
 0.1180000E+01  0.6388613E-01  0.1371476E+00
 0.1182000E+01  0.6399111E-01  0.1374135E+00
 0.1184000E+01  0.6409514E-01  0.1376774E+00
 0.1186000E+01  0.6419823E-01  0.1379391E+00
 0.1188000E+01  0.6430037E-01  0.1381989E+00
 0.1190000E+01  0.6440156E-01  0.1384565E+00
 0.1192000E+01  0.6450180E-01  0.1387121E+00
 0.1194000E+01  0.6460109E-01  0.1389657E+00
 0.1196000E+01  0.6469943E-01  0.1392172E+00
 0.1198000E+01  0.6479681E-01  0.1394666E+00
 0.1200000E+01  0.6489323E-01  0.1397140E+00
 0.1202000E+01  0.6498869E-01  0.1399594E+00
 0.1204000E+01  0.6508319E-01  0.1402028E+00
 0.1206000E+01  0.6517673E-01  0.1404442E+00
 0.1208000E+01  0.6526931E-01  0.1406835E+00
 0.1210000E+01  0.6536092E-01  0.1409208E+00
 0.1212000E+01  0.6545157E-01  0.1411561E+00
 0.1214000E+01  0.6554126E-01  0.1413895E+00
 0.1216000E+01  0.6562998E-01  0.1416208E+00
 0.1218000E+01  0.6571773E-01  0.1418502E+00
 0.1220000E+01  0.6580452E-01  0.1420776E+00
 0.1222000E+01  0.6589034E-01  0.1423031E+00
 0.1224000E+01  0.6597520E-01  0.1425266E+00
 0.1226000E+01  0.6605910E-01  0.1427481E+00
 0.1228000E+01  0.6614202E-01  0.1429677E+00
 0.1230000E+01  0.6622399E-01  0.1431854E+00
 0.1232000E+01  0.6630498E-01  0.1434012E+00
 0.1234000E+01  0.6638502E-01  0.1436151E+00
 0.1236000E+01  0.6646409E-01  0.1438271E+00
 0.1238000E+01  0.6654220E-01  0.1440372E+00
 0.1240000E+01  0.6661935E-01  0.1442454E+00
 0.1242000E+01  0.6669553E-01  0.1444518E+00
 0.1244000E+01  0.6677076E-01  0.1446563E+00
 0.1246000E+01  0.6684503E-01  0.1448589E+00
 0.1248000E+01  0.6691835E-01  0.1450598E+00
 0.1250000E+01  0.6699071E-01  0.1452588E+00
 0.1252000E+01  0.6706212E-01  0.1454560E+00
 0.1254000E+01  0.6713257E-01  0.1456514E+00
 0.1256000E+01  0.6720208E-01  0.1458450E+00
 0.1258000E+01  0.6727064E-01  0.1460369E+00
 0.1260000E+01  0.6733825E-01  0.1462270E+00
 0.1262000E+01  0.6740492E-01  0.1464153E+00
 0.1264000E+01  0.6747065E-01  0.1466020E+00
 0.1266000E+01  0.6753544E-01  0.1467868E+00
 0.1268000E+01  0.6759929E-01  0.1469700E+00
 0.1270000E+01  0.6766221E-01  0.1471515E+00
 0.1272000E+01  0.6772420E-01  0.1473313E+00
 0.1274000E+01  0.6778526E-01  0.1475095E+00
 0.1276000E+01  0.6784540E-01  0.1476859E+00
 0.1278000E+01  0.6790461E-01  0.1478608E+00
 0.1280000E+01  0.6796290E-01  0.1480340E+00
 0.1282000E+01  0.6802028E-01  0.1482056E+00
 0.1284000E+01  0.6807674E-01  0.1483756E+00
 0.1286000E+01  0.6813230E-01  0.1485440E+00
 0.1288000E+01  0.6818695E-01  0.1487108E+00
 0.1290000E+01  0.6824069E-01  0.1488761E+00
 0.1292000E+01  0.6829354E-01  0.1490398E+00
 0.1294000E+01  0.6834549E-01  0.1492020E+00
 0.1296000E+01  0.6839654E-01  0.1493627E+00
 0.1298000E+01  0.6844671E-01  0.1495219E+00
 0.1300000E+01  0.6849600E-01  0.1496796E+00
 0.1302000E+01  0.6854440E-01  0.1498358E+00
 0.1304000E+01  0.6859193E-01  0.1499906E+00
 0.1306000E+01  0.6863858E-01  0.1501439E+00
 0.1308000E+01  0.6868437E-01  0.1502958E+00
 0.1310000E+01  0.6872929E-01  0.1504463E+00
 0.1312000E+01  0.6877335E-01  0.1505954E+00
 0.1314000E+01  0.6881656E-01  0.1507431E+00
 0.1316000E+01  0.6885892E-01  0.1508894E+00
 0.1318000E+01  0.6890043E-01  0.1510344E+00
 0.1320000E+01  0.6894109E-01  0.1511780E+00
 0.1322000E+01  0.6898092E-01  0.1513203E+00
 0.1324000E+01  0.6901992E-01  0.1514613E+00
 0.1326000E+01  0.6905809E-01  0.1516010E+00
 0.1328000E+01  0.6909544E-01  0.1517394E+00
 0.1330000E+01  0.6913197E-01  0.1518766E+00
 0.1332000E+01  0.6916768E-01  0.1520125E+00
 0.1334000E+01  0.6920259E-01  0.1521472E+00
 0.1336000E+01  0.6923670E-01  0.1522806E+00
 0.1338000E+01  0.6927000E-01  0.1524129E+00
 0.1340000E+01  0.6930251E-01  0.1525440E+00
 0.1342000E+01  0.6933424E-01  0.1526738E+00
 0.1344000E+01  0.6936518E-01  0.1528026E+00
 0.1346000E+01  0.6939535E-01  0.1529302E+00
 0.1348000E+01  0.6942474E-01  0.1530566E+00
 0.1350000E+01  0.6945336E-01  0.1531819E+00
 0.1352000E+01  0.6948123E-01  0.1533062E+00
 0.1354000E+01  0.6950834E-01  0.1534293E+00
 0.1356000E+01  0.6953469E-01  0.1535514E+00
 0.1358000E+01  0.6956031E-01  0.1536724E+00
 0.1360000E+01  0.6958518E-01  0.1537924E+00
 0.1362000E+01  0.6960932E-01  0.1539114E+00
 0.1364000E+01  0.6963273E-01  0.1540293E+00
 0.1366000E+01  0.6965542E-01  0.1541463E+00
 0.1368000E+01  0.6967739E-01  0.1542622E+00
 0.1370000E+01  0.6969865E-01  0.1543772E+00
 0.1372000E+01  0.6971921E-01  0.1544912E+00
 0.1374000E+01  0.6973906E-01  0.1546043E+00
 0.1376000E+01  0.6975823E-01  0.1547165E+00
 0.1378000E+01  0.6977670E-01  0.1548278E+00
 0.1380000E+01  0.6979449E-01  0.1549381E+00
 0.1382000E+01  0.6981160E-01  0.1550476E+00
 0.1384000E+01  0.6982805E-01  0.1551562E+00
 0.1386000E+01  0.6984383E-01  0.1552639E+00
 0.1388000E+01  0.6985895E-01  0.1553708E+00
 0.1390000E+01  0.6987341E-01  0.1554769E+00
 0.1392000E+01  0.6988723E-01  0.1555822E+00
 0.1394000E+01  0.6990041E-01  0.1556866E+00
 0.1396000E+01  0.6991296E-01  0.1557903E+00
 0.1398000E+01  0.6992487E-01  0.1558931E+00
 0.1400000E+01  0.6993617E-01  0.1559953E+00
 0.1402000E+01  0.6994684E-01  0.1560966E+00
 0.1404000E+01  0.6995691E-01  0.1561973E+00
 0.1406000E+01  0.6996636E-01  0.1562972E+00
 0.1408000E+01  0.6997523E-01  0.1563964E+00
 0.1410000E+01  0.6998349E-01  0.1564949E+00
 0.1412000E+01  0.6999117E-01  0.1565927E+00
 0.1414000E+01  0.6999827E-01  0.1566898E+00
 0.1416000E+01  0.7000480E-01  0.1567863E+00
 0.1418000E+01  0.7001075E-01  0.1568821E+00
 0.1420000E+01  0.7001615E-01  0.1569773E+00
 0.1422000E+01  0.7002099E-01  0.1570719E+00
 0.1424000E+01  0.7002527E-01  0.1571658E+00
 0.1426000E+01  0.7002901E-01  0.1572592E+00
 0.1428000E+01  0.7003222E-01  0.1573520E+00
 0.1430000E+01  0.7003489E-01  0.1574441E+00
 0.1432000E+01  0.7003703E-01  0.1575357E+00
 0.1434000E+01  0.7003866E-01  0.1576268E+00
 0.1436000E+01  0.7003977E-01  0.1577173E+00
 0.1438000E+01  0.7004037E-01  0.1578073E+00
 0.1440000E+01  0.7004047E-01  0.1578968E+00
 0.1442000E+01  0.7004007E-01  0.1579857E+00
 0.1444000E+01  0.7003918E-01  0.1580741E+00
 0.1446000E+01  0.7003781E-01  0.1581621E+00
 0.1448000E+01  0.7003596E-01  0.1582496E+00
 0.1450000E+01  0.7003364E-01  0.1583366E+00
 0.1452000E+01  0.7003085E-01  0.1584231E+00
 0.1454000E+01  0.7002760E-01  0.1585092E+00
 0.1456000E+01  0.7002390E-01  0.1585949E+00
 0.1458000E+01  0.7001974E-01  0.1586801E+00
 0.1460000E+01  0.7001515E-01  0.1587649E+00
 0.1462000E+01  0.7001011E-01  0.1588493E+00
 0.1464000E+01  0.7000465E-01  0.1589333E+00
 0.1466000E+01  0.6999876E-01  0.1590169E+00
 0.1468000E+01  0.6999245E-01  0.1591001E+00
 0.1470000E+01  0.6998573E-01  0.1591830E+00
 0.1472000E+01  0.6997860E-01  0.1592655E+00
 0.1474000E+01  0.6997106E-01  0.1593476E+00
 0.1476000E+01  0.6996313E-01  0.1594294E+00
 0.1478000E+01  0.6995481E-01  0.1595108E+00
 0.1480000E+01  0.6994610E-01  0.1595919E+00
 0.1482000E+01  0.6993702E-01  0.1596727E+00
 0.1484000E+01  0.6992756E-01  0.1597532E+00
 0.1486000E+01  0.6991773E-01  0.1598333E+00
 0.1488000E+01  0.6990754E-01  0.1599132E+00
 0.1490000E+01  0.6989699E-01  0.1599928E+00
 0.1492000E+01  0.6988609E-01  0.1600721E+00
 0.1494000E+01  0.6987484E-01  0.1601511E+00
 0.1496000E+01  0.6986325E-01  0.1602299E+00
 0.1498000E+01  0.6985133E-01  0.1603084E+00
 0.1500000E+01  0.6983908E-01  0.1603866E+00
 0.1502000E+01  0.6982650E-01  0.1604646E+00
 0.1504000E+01  0.6981360E-01  0.1605424E+00
 0.1506000E+01  0.6980039E-01  0.1606199E+00
 0.1508000E+01  0.6978687E-01  0.1606972E+00
 0.1510000E+01  0.6977305E-01  0.1607743E+00
 0.1512000E+01  0.6975893E-01  0.1608511E+00
 0.1514000E+01  0.6974452E-01  0.1609278E+00
 0.1516000E+01  0.6972981E-01  0.1610042E+00
 0.1518000E+01  0.6971483E-01  0.1610805E+00
 0.1520000E+01  0.6969957E-01  0.1611566E+00
 0.1522000E+01  0.6968403E-01  0.1612325E+00
 0.1524000E+01  0.6966823E-01  0.1613082E+00
 0.1526000E+01  0.6965217E-01  0.1613837E+00
 0.1528000E+01  0.6963585E-01  0.1614591E+00
 0.1530000E+01  0.6961927E-01  0.1615343E+00
 0.1532000E+01  0.6960245E-01  0.1616093E+00
 0.1534000E+01  0.6958539E-01  0.1616842E+00
 0.1536000E+01  0.6956808E-01  0.1617590E+00
 0.1538000E+01  0.6955055E-01  0.1618336E+00
 0.1540000E+01  0.6953278E-01  0.1619080E+00
 0.1542000E+01  0.6951480E-01  0.1619824E+00
 0.1544000E+01  0.6949659E-01  0.1620566E+00
 0.1546000E+01  0.6947817E-01  0.1621307E+00
 0.1548000E+01  0.6945954E-01  0.1622046E+00
 0.1550000E+01  0.6944070E-01  0.1622785E+00
 0.1552000E+01  0.6942166E-01  0.1623522E+00
 0.1554000E+01  0.6940243E-01  0.1624258E+00
 0.1556000E+01  0.6938301E-01  0.1624994E+00
 0.1558000E+01  0.6936339E-01  0.1625728E+00
 0.1560000E+01  0.6934360E-01  0.1626461E+00
 0.1562000E+01  0.6932363E-01  0.1627193E+00
 0.1564000E+01  0.6930348E-01  0.1627924E+00
 0.1566000E+01  0.6928316E-01  0.1628655E+00
 0.1568000E+01  0.6926268E-01  0.1629384E+00
 0.1570000E+01  0.6924204E-01  0.1630113E+00
 0.1572000E+01  0.6922124E-01  0.1630841E+00
 0.1574000E+01  0.6920028E-01  0.1631568E+00
 0.1576000E+01  0.6917918E-01  0.1632295E+00
 0.1578000E+01  0.6915793E-01  0.1633020E+00
 0.1580000E+01  0.6913654E-01  0.1633745E+00
 0.1582000E+01  0.6911501E-01  0.1634470E+00
 0.1584000E+01  0.6909335E-01  0.1635194E+00
 0.1586000E+01  0.6907157E-01  0.1635917E+00
 0.1588000E+01  0.6904965E-01  0.1636639E+00
 0.1590000E+01  0.6902762E-01  0.1637361E+00
 0.1592000E+01  0.6900547E-01  0.1638082E+00
 0.1594000E+01  0.6898320E-01  0.1638803E+00
 0.1596000E+01  0.6896082E-01  0.1639523E+00
 0.1598000E+01  0.6893834E-01  0.1640243E+00
 0.1600000E+01  0.6891575E-01  0.1640962E+00
 0.1602000E+01  0.6889307E-01  0.1641681E+00
 0.1604000E+01  0.6887029E-01  0.1642399E+00
 0.1606000E+01  0.6884742E-01  0.1643117E+00
 0.1608000E+01  0.6882445E-01  0.1643834E+00
 0.1610000E+01  0.6880141E-01  0.1644551E+00
 0.1612000E+01  0.6877828E-01  0.1645267E+00
 0.1614000E+01  0.6875507E-01  0.1645983E+00
 0.1616000E+01  0.6873179E-01  0.1646699E+00
 0.1618000E+01  0.6870844E-01  0.1647414E+00
 0.1620000E+01  0.6868502E-01  0.1648129E+00
 0.1622000E+01  0.6866153E-01  0.1648843E+00
 0.1624000E+01  0.6863798E-01  0.1649557E+00
 0.1626000E+01  0.6861437E-01  0.1650271E+00
 0.1628000E+01  0.6859071E-01  0.1650984E+00
 0.1630000E+01  0.6856699E-01  0.1651697E+00
 0.1632000E+01  0.6854323E-01  0.1652409E+00
 0.1634000E+01  0.6851942E-01  0.1653121E+00
 0.1636000E+01  0.6849556E-01  0.1653833E+00
 0.1638000E+01  0.6847166E-01  0.1654544E+00
 0.1640000E+01  0.6844773E-01  0.1655255E+00
 0.1642000E+01  0.6842376E-01  0.1655965E+00
 0.1644000E+01  0.6839976E-01  0.1656675E+00
 0.1646000E+01  0.6837573E-01  0.1657385E+00
 0.1648000E+01  0.6835167E-01  0.1658094E+00
 0.1650000E+01  0.6832759E-01  0.1658803E+00
 0.1652000E+01  0.6830349E-01  0.1659512E+00
 0.1654000E+01  0.6827937E-01  0.1660220E+00
 0.1656000E+01  0.6825523E-01  0.1660927E+00
 0.1658000E+01  0.6823108E-01  0.1661635E+00
 0.1660000E+01  0.6820692E-01  0.1662341E+00
 0.1662000E+01  0.6818275E-01  0.1663048E+00
 0.1664000E+01  0.6815858E-01  0.1663754E+00
 0.1666000E+01  0.6813440E-01  0.1664459E+00
 0.1668000E+01  0.6811022E-01  0.1665164E+00
 0.1670000E+01  0.6808605E-01  0.1665869E+00
 0.1672000E+01  0.6806188E-01  0.1666573E+00
 0.1674000E+01  0.6803771E-01  0.1667277E+00
 0.1676000E+01  0.6801355E-01  0.1667980E+00
 0.1678000E+01  0.6798941E-01  0.1668682E+00
 0.1680000E+01  0.6796528E-01  0.1669384E+00
 0.1682000E+01  0.6794116E-01  0.1670086E+00
 0.1684000E+01  0.6791706E-01  0.1670787E+00
 0.1686000E+01  0.6789298E-01  0.1671487E+00
 0.1688000E+01  0.6786892E-01  0.1672187E+00
 0.1690000E+01  0.6784489E-01  0.1672886E+00
 0.1692000E+01  0.6782088E-01  0.1673585E+00
 0.1694000E+01  0.6779690E-01  0.1674283E+00
 0.1696000E+01  0.6777295E-01  0.1674980E+00
 0.1698000E+01  0.6774903E-01  0.1675677E+00
 0.1700000E+01  0.6772515E-01  0.1676373E+00
 0.1702000E+01  0.6770130E-01  0.1677069E+00
 0.1704000E+01  0.6767749E-01  0.1677763E+00
 0.1706000E+01  0.6765372E-01  0.1678458E+00
 0.1708000E+01  0.6762999E-01  0.1679151E+00
 0.1710000E+01  0.6760630E-01  0.1679843E+00
 0.1712000E+01  0.6758266E-01  0.1680535E+00
 0.1714000E+01  0.6755906E-01  0.1681226E+00
 0.1716000E+01  0.6753552E-01  0.1681916E+00
 0.1718000E+01  0.6751202E-01  0.1682606E+00
 0.1720000E+01  0.6748858E-01  0.1683294E+00
 0.1722000E+01  0.6746518E-01  0.1683982E+00
 0.1724000E+01  0.6744185E-01  0.1684669E+00
 0.1726000E+01  0.6741857E-01  0.1685355E+00
 0.1728000E+01  0.6739535E-01  0.1686040E+00
 0.1730000E+01  0.6737218E-01  0.1686724E+00
 0.1732000E+01  0.6734908E-01  0.1687408E+00
 0.1734000E+01  0.6732604E-01  0.1688090E+00
 0.1736000E+01  0.6730307E-01  0.1688771E+00
 0.1738000E+01  0.6728016E-01  0.1689452E+00
 0.1740000E+01  0.6725732E-01  0.1690131E+00
 0.1742000E+01  0.6723455E-01  0.1690809E+00
 0.1744000E+01  0.6721184E-01  0.1691486E+00
 0.1746000E+01  0.6718921E-01  0.1692162E+00
 0.1748000E+01  0.6716665E-01  0.1692837E+00
 0.1750000E+01  0.6714416E-01  0.1693511E+00
 0.1752000E+01  0.6712175E-01  0.1694184E+00
 0.1754000E+01  0.6709942E-01  0.1694856E+00
 0.1756000E+01  0.6707716E-01  0.1695526E+00
 0.1758000E+01  0.6705498E-01  0.1696196E+00
 0.1760000E+01  0.6703288E-01  0.1696864E+00
 0.1762000E+01  0.6701086E-01  0.1697530E+00
 0.1764000E+01  0.6698893E-01  0.1698196E+00
 0.1766000E+01  0.6696707E-01  0.1698860E+00
 0.1768000E+01  0.6694530E-01  0.1699523E+00
 0.1770000E+01  0.6692362E-01  0.1700185E+00
 0.1772000E+01  0.6690203E-01  0.1700846E+00
 0.1774000E+01  0.6688052E-01  0.1701505E+00
 0.1776000E+01  0.6685910E-01  0.1702162E+00
 0.1778000E+01  0.6683777E-01  0.1702819E+00
 0.1780000E+01  0.6681653E-01  0.1703473E+00
 0.1782000E+01  0.6679538E-01  0.1704127E+00
 0.1784000E+01  0.6677433E-01  0.1704779E+00
 0.1786000E+01  0.6675337E-01  0.1705429E+00
 0.1788000E+01  0.6673250E-01  0.1706078E+00
 0.1790000E+01  0.6671173E-01  0.1706726E+00
 0.1792000E+01  0.6669106E-01  0.1707372E+00
 0.1794000E+01  0.6667048E-01  0.1708016E+00
 0.1796000E+01  0.6665000E-01  0.1708659E+00
 0.1798000E+01  0.6662962E-01  0.1709301E+00
 0.1800000E+01  0.6660934E-01  0.1709940E+00
 0.1802000E+01  0.6658916E-01  0.1710579E+00
 0.1804000E+01  0.6656909E-01  0.1711215E+00
 0.1806000E+01  0.6654911E-01  0.1711850E+00
 0.1808000E+01  0.6652924E-01  0.1712483E+00
 0.1810000E+01  0.6650947E-01  0.1713115E+00
 0.1812000E+01  0.6648981E-01  0.1713744E+00
 0.1814000E+01  0.6647025E-01  0.1714372E+00
 0.1816000E+01  0.6645080E-01  0.1714999E+00
 0.1818000E+01  0.6643145E-01  0.1715623E+00
 0.1820000E+01  0.6641222E-01  0.1716246E+00
 0.1822000E+01  0.6639309E-01  0.1716867E+00
 0.1824000E+01  0.6637407E-01  0.1717486E+00
 0.1826000E+01  0.6635516E-01  0.1718104E+00
 0.1828000E+01  0.6633636E-01  0.1718719E+00
 0.1830000E+01  0.6631767E-01  0.1719333E+00
 0.1832000E+01  0.6629909E-01  0.1719945E+00
 0.1834000E+01  0.6628062E-01  0.1720555E+00
 0.1836000E+01  0.6626227E-01  0.1721163E+00
 0.1838000E+01  0.6624403E-01  0.1721769E+00
 0.1840000E+01  0.6622591E-01  0.1722373E+00
 0.1842000E+01  0.6620789E-01  0.1722975E+00
 0.1844000E+01  0.6619000E-01  0.1723576E+00
 0.1846000E+01  0.6617222E-01  0.1724174E+00
 0.1848000E+01  0.6615455E-01  0.1724770E+00
 0.1850000E+01  0.6613701E-01  0.1725365E+00
 0.1852000E+01  0.6611958E-01  0.1725957E+00
 0.1854000E+01  0.6610227E-01  0.1726548E+00
 0.1856000E+01  0.6608507E-01  0.1727136E+00
 0.1858000E+01  0.6606800E-01  0.1727722E+00
 0.1860000E+01  0.6605104E-01  0.1728307E+00
 0.1862000E+01  0.6603421E-01  0.1728889E+00
 0.1864000E+01  0.6601749E-01  0.1729469E+00
 0.1866000E+01  0.6600090E-01  0.1730047E+00
 0.1868000E+01  0.6598443E-01  0.1730623E+00
 0.1870000E+01  0.6596807E-01  0.1731197E+00
 0.1872000E+01  0.6595185E-01  0.1731768E+00
 0.1874000E+01  0.6593574E-01  0.1732338E+00
 0.1876000E+01  0.6591976E-01  0.1732905E+00
 0.1878000E+01  0.6590390E-01  0.1733471E+00
 0.1880000E+01  0.6588816E-01  0.1734034E+00
 0.1882000E+01  0.6587255E-01  0.1734595E+00
 0.1884000E+01  0.6585707E-01  0.1735153E+00
 0.1886000E+01  0.6584171E-01  0.1735710E+00
 0.1888000E+01  0.6582647E-01  0.1736265E+00
 0.1890000E+01  0.6581137E-01  0.1736817E+00
 0.1892000E+01  0.6579638E-01  0.1737367E+00
 0.1894000E+01  0.6578153E-01  0.1737915E+00
 0.1896000E+01  0.6576680E-01  0.1738460E+00
 0.1898000E+01  0.6575220E-01  0.1739004E+00
 0.1900000E+01  0.6573773E-01  0.1739545E+00
 0.1902000E+01  0.6572339E-01  0.1740084E+00
 0.1904000E+01  0.6570918E-01  0.1740621E+00
 0.1906000E+01  0.6569509E-01  0.1741155E+00
 0.1908000E+01  0.6568114E-01  0.1741688E+00
 0.1910000E+01  0.6566731E-01  0.1742218E+00
 0.1912000E+01  0.6565362E-01  0.1742745E+00
 0.1914000E+01  0.6564005E-01  0.1743271E+00
 0.1916000E+01  0.6562662E-01  0.1743794E+00
 0.1918000E+01  0.6561332E-01  0.1744315E+00
 0.1920000E+01  0.6560015E-01  0.1744834E+00
 0.1922000E+01  0.6558712E-01  0.1745351E+00
 0.1924000E+01  0.6557421E-01  0.1745865E+00
 0.1926000E+01  0.6556144E-01  0.1746377E+00
 0.1928000E+01  0.6554880E-01  0.1746887E+00
 0.1930000E+01  0.6553630E-01  0.1747394E+00
 0.1932000E+01  0.6552393E-01  0.1747899E+00
 0.1934000E+01  0.6551169E-01  0.1748402E+00
 0.1936000E+01  0.6549959E-01  0.1748903E+00
 0.1938000E+01  0.6548763E-01  0.1749401E+00
 0.1940000E+01  0.6547580E-01  0.1749898E+00
 0.1942000E+01  0.6546410E-01  0.1750391E+00
 0.1944000E+01  0.6545254E-01  0.1750883E+00
 0.1946000E+01  0.6544112E-01  0.1751373E+00
 0.1948000E+01  0.6542983E-01  0.1751860E+00
 0.1950000E+01  0.6541869E-01  0.1752345E+00
 0.1952000E+01  0.6540768E-01  0.1752827E+00
 0.1954000E+01  0.6539680E-01  0.1753308E+00
 0.1956000E+01  0.6538607E-01  0.1753786E+00
 0.1958000E+01  0.6537547E-01  0.1754262E+00
 0.1960000E+01  0.6536501E-01  0.1754736E+00
 0.1962000E+01  0.6535469E-01  0.1755207E+00
 0.1964000E+01  0.6534451E-01  0.1755676E+00
 0.1966000E+01  0.6533448E-01  0.1756144E+00
 0.1968000E+01  0.6532458E-01  0.1756608E+00
 0.1970000E+01  0.6531482E-01  0.1757071E+00
 0.1972000E+01  0.6530520E-01  0.1757532E+00
 0.1974000E+01  0.6529572E-01  0.1757990E+00
 0.1976000E+01  0.6528639E-01  0.1758446E+00
 0.1978000E+01  0.6527719E-01  0.1758900E+00
 0.1980000E+01  0.6526814E-01  0.1759352E+00
 0.1982000E+01  0.6525924E-01  0.1759801E+00
 0.1984000E+01  0.6525047E-01  0.1760249E+00
 0.1986000E+01  0.6524185E-01  0.1760694E+00
 0.1988000E+01  0.6523337E-01  0.1761137E+00
 0.1990000E+01  0.6522503E-01  0.1761578E+00
 0.1992000E+01  0.6521684E-01  0.1762017E+00
 0.1994000E+01  0.6520880E-01  0.1762454E+00
 0.1996000E+01  0.6520090E-01  0.1762889E+00
 0.1998000E+01  0.6519314E-01  0.1763322E+00
 0.2000000E+01  0.6518553E-01  0.1763752E+00
 0.2002000E+01  0.6517807E-01  0.1764181E+00
 0.2004000E+01  0.6517075E-01  0.1764607E+00
 0.2006000E+01  0.6516358E-01  0.1765032E+00
 0.2008000E+01  0.6515656E-01  0.1765454E+00
 0.2010000E+01  0.6514969E-01  0.1765874E+00
 0.2012000E+01  0.6514296E-01  0.1766293E+00
 0.2014000E+01  0.6513638E-01  0.1766709E+00
 0.2016000E+01  0.6512995E-01  0.1767123E+00
 0.2018000E+01  0.6512367E-01  0.1767536E+00
 0.2020000E+01  0.6511754E-01  0.1767946E+00
 0.2022000E+01  0.6511156E-01  0.1768355E+00
 0.2024000E+01  0.6510572E-01  0.1768762E+00
 0.2026000E+01  0.6510004E-01  0.1769166E+00
 0.2028000E+01  0.6509451E-01  0.1769569E+00
 0.2030000E+01  0.6508914E-01  0.1769970E+00
 0.2032000E+01  0.6508391E-01  0.1770369E+00
 0.2034000E+01  0.6507884E-01  0.1770766E+00
 0.2036000E+01  0.6507391E-01  0.1771161E+00
 0.2038000E+01  0.6506915E-01  0.1771555E+00
 0.2040000E+01  0.6506453E-01  0.1771947E+00
 0.2042000E+01  0.6506007E-01  0.1772337E+00
 0.2044000E+01  0.6505576E-01  0.1772725E+00
 0.2046000E+01  0.6505161E-01  0.1773111E+00
 0.2048000E+01  0.6504761E-01  0.1773496E+00
 0.2050000E+01  0.6504377E-01  0.1773878E+00
 0.2052000E+01  0.6504009E-01  0.1774260E+00
 0.2054000E+01  0.6503656E-01  0.1774639E+00
 0.2056000E+01  0.6503318E-01  0.1775017E+00
 0.2058000E+01  0.6502997E-01  0.1775393E+00
 0.2060000E+01  0.6502691E-01  0.1775767E+00
 0.2062000E+01  0.6502401E-01  0.1776140E+00
 0.2064000E+01  0.6502127E-01  0.1776511E+00
 0.2066000E+01  0.6501869E-01  0.1776881E+00
 0.2068000E+01  0.6501627E-01  0.1777249E+00
 0.2070000E+01  0.6501400E-01  0.1777616E+00
 0.2072000E+01  0.6501190E-01  0.1777980E+00
 0.2074000E+01  0.6500996E-01  0.1778344E+00
 0.2076000E+01  0.6500818E-01  0.1778706E+00
 0.2078000E+01  0.6500656E-01  0.1779066E+00
 0.2080000E+01  0.6500510E-01  0.1779425E+00
 0.2082000E+01  0.6500381E-01  0.1779783E+00
 0.2084000E+01  0.6500268E-01  0.1780139E+00
 0.2086000E+01  0.6500171E-01  0.1780493E+00
 0.2088000E+01  0.6500091E-01  0.1780847E+00
 0.2090000E+01  0.6500027E-01  0.1781198E+00
 0.2092000E+01  0.6499980E-01  0.1781549E+00
 0.2094000E+01  0.6499949E-01  0.1781898E+00
 0.2096000E+01  0.6499935E-01  0.1782246E+00
 0.2098000E+01  0.6499937E-01  0.1782593E+00
 0.2100000E+01  0.6499956E-01  0.1782938E+00
 0.2102000E+01  0.6499992E-01  0.1783282E+00
 0.2104000E+01  0.6500045E-01  0.1783625E+00
 0.2106000E+01  0.6500114E-01  0.1783967E+00
 0.2108000E+01  0.6500200E-01  0.1784307E+00
 0.2110000E+01  0.6500304E-01  0.1784646E+00
 0.2112000E+01  0.6500424E-01  0.1784985E+00
 0.2114000E+01  0.6500561E-01  0.1785322E+00
 0.2116000E+01  0.6500716E-01  0.1785657E+00
 0.2118000E+01  0.6500887E-01  0.1785992E+00
 0.2120000E+01  0.6501076E-01  0.1786326E+00
 0.2122000E+01  0.6501282E-01  0.1786659E+00
 0.2124000E+01  0.6501505E-01  0.1786990E+00
 0.2126000E+01  0.6501746E-01  0.1787321E+00
 0.2128000E+01  0.6502004E-01  0.1787651E+00
 0.2130000E+01  0.6502279E-01  0.1787979E+00
 0.2132000E+01  0.6502572E-01  0.1788307E+00
 0.2134000E+01  0.6502883E-01  0.1788634E+00
 0.2136000E+01  0.6503211E-01  0.1788960E+00
 0.2138000E+01  0.6503557E-01  0.1789285E+00
 0.2140000E+01  0.6503921E-01  0.1789609E+00
 0.2142000E+01  0.6504302E-01  0.1789933E+00
 0.2144000E+01  0.6504701E-01  0.1790255E+00
 0.2146000E+01  0.6505118E-01  0.1790577E+00
 0.2148000E+01  0.6505553E-01  0.1790898E+00
 0.2150000E+01  0.6506006E-01  0.1791219E+00
 0.2152000E+01  0.6506477E-01  0.1791538E+00
 0.2154000E+01  0.6506966E-01  0.1791857E+00
 0.2156000E+01  0.6507473E-01  0.1792175E+00
 0.2158000E+01  0.6507999E-01  0.1792493E+00
 0.2160000E+01  0.6508542E-01  0.1792810E+00
 0.2162000E+01  0.6509105E-01  0.1793126E+00
 0.2164000E+01  0.6509685E-01  0.1793442E+00
 0.2166000E+01  0.6510284E-01  0.1793757E+00
 0.2168000E+01  0.6510901E-01  0.1794071E+00
 0.2170000E+01  0.6511537E-01  0.1794385E+00
 0.2172000E+01  0.6512192E-01  0.1794699E+00
 0.2174000E+01  0.6512865E-01  0.1795012E+00
 0.2176000E+01  0.6513557E-01  0.1795324E+00
 0.2178000E+01  0.6514267E-01  0.1795636E+00
 0.2180000E+01  0.6514997E-01  0.1795948E+00
 0.2182000E+01  0.6515745E-01  0.1796259E+00
 0.2184000E+01  0.6516512E-01  0.1796570E+00
 0.2186000E+01  0.6517298E-01  0.1796881E+00
 0.2188000E+01  0.6518104E-01  0.1797191E+00
 0.2190000E+01  0.6518928E-01  0.1797501E+00
 0.2192000E+01  0.6519772E-01  0.1797811E+00
 0.2194000E+01  0.6520635E-01  0.1798120E+00
 0.2196000E+01  0.6521517E-01  0.1798429E+00
 0.2198000E+01  0.6522418E-01  0.1798738E+00
 0.2200000E+01  0.6523339E-01  0.1799046E+00
 0.2202000E+01  0.6524279E-01  0.1799355E+00
 0.2204000E+01  0.6525239E-01  0.1799663E+00
 0.2206000E+01  0.6526219E-01  0.1799971E+00
 0.2208000E+01  0.6527218E-01  0.1800279E+00
 0.2210000E+01  0.6528236E-01  0.1800587E+00
 0.2212000E+01  0.6529275E-01  0.1800895E+00
 0.2214000E+01  0.6530333E-01  0.1801203E+00
 0.2216000E+01  0.6531411E-01  0.1801511E+00
 0.2218000E+01  0.6532509E-01  0.1801818E+00
 0.2220000E+01  0.6533627E-01  0.1802126E+00
 0.2222000E+01  0.6534765E-01  0.1802434E+00
 0.2224000E+01  0.6535924E-01  0.1802741E+00
 0.2226000E+01  0.6537102E-01  0.1803049E+00
 0.2228000E+01  0.6538300E-01  0.1803357E+00
 0.2230000E+01  0.6539519E-01  0.1803665E+00
 0.2232000E+01  0.6540758E-01  0.1803973E+00
 0.2234000E+01  0.6542018E-01  0.1804281E+00
 0.2236000E+01  0.6543298E-01  0.1804590E+00
 0.2238000E+01  0.6544598E-01  0.1804898E+00
 0.2240000E+01  0.6545919E-01  0.1805207E+00
 0.2242000E+01  0.6547261E-01  0.1805516E+00
 0.2244000E+01  0.6548623E-01  0.1805826E+00
 0.2246000E+01  0.6550006E-01  0.1806135E+00
 0.2248000E+01  0.6551410E-01  0.1806445E+00
 0.2250000E+01  0.6552835E-01  0.1806755E+00
 0.2252000E+01  0.6554280E-01  0.1807065E+00
 0.2254000E+01  0.6555747E-01  0.1807376E+00
 0.2256000E+01  0.6557234E-01  0.1807687E+00
 0.2258000E+01  0.6558743E-01  0.1807999E+00
 0.2260000E+01  0.6560273E-01  0.1808310E+00
 0.2262000E+01  0.6561824E-01  0.1808623E+00
 0.2264000E+01  0.6563396E-01  0.1808935E+00
 0.2266000E+01  0.6564989E-01  0.1809248E+00
 0.2268000E+01  0.6566604E-01  0.1809562E+00
 0.2270000E+01  0.6568241E-01  0.1809876E+00
 0.2272000E+01  0.6569898E-01  0.1810191E+00
 0.2274000E+01  0.6571578E-01  0.1810506E+00
 0.2276000E+01  0.6573279E-01  0.1810821E+00
 0.2278000E+01  0.6575001E-01  0.1811138E+00
 0.2280000E+01  0.6576745E-01  0.1811454E+00
 0.2282000E+01  0.6578511E-01  0.1811772E+00
 0.2284000E+01  0.6580299E-01  0.1812090E+00
 0.2286000E+01  0.6582109E-01  0.1812408E+00
 0.2288000E+01  0.6583940E-01  0.1812727E+00
 0.2290000E+01  0.6585794E-01  0.1813047E+00
 0.2292000E+01  0.6587670E-01  0.1813368E+00
 0.2294000E+01  0.6589567E-01  0.1813689E+00
 0.2296000E+01  0.6591487E-01  0.1814011E+00
 0.2298000E+01  0.6593429E-01  0.1814333E+00
 0.2300000E+01  0.6595394E-01  0.1814657E+00
 0.2302000E+01  0.6597380E-01  0.1814981E+00
 0.2304000E+01  0.6599389E-01  0.1815306E+00
 0.2306000E+01  0.6601420E-01  0.1815631E+00
 0.2308000E+01  0.6603474E-01  0.1815958E+00
 0.2310000E+01  0.6605551E-01  0.1816285E+00
 0.2312000E+01  0.6607650E-01  0.1816613E+00
 0.2314000E+01  0.6609771E-01  0.1816942E+00
 0.2316000E+01  0.6611916E-01  0.1817272E+00
 0.2318000E+01  0.6614083E-01  0.1817603E+00
 0.2320000E+01  0.6616272E-01  0.1817935E+00
 0.2322000E+01  0.6618485E-01  0.1818267E+00
 0.2324000E+01  0.6620720E-01  0.1818600E+00
 0.2326000E+01  0.6622979E-01  0.1818935E+00
 0.2328000E+01  0.6625260E-01  0.1819270E+00
 0.2330000E+01  0.6627565E-01  0.1819606E+00
 0.2332000E+01  0.6629892E-01  0.1819944E+00
 0.2334000E+01  0.6632243E-01  0.1820282E+00
 0.2336000E+01  0.6634617E-01  0.1820621E+00
 0.2338000E+01  0.6637014E-01  0.1820961E+00
 0.2340000E+01  0.6639435E-01  0.1821303E+00
 0.2342000E+01  0.6641879E-01  0.1821645E+00
 0.2344000E+01  0.6644346E-01  0.1821988E+00
 0.2346000E+01  0.6646837E-01  0.1822333E+00
 0.2348000E+01  0.6649351E-01  0.1822679E+00
 0.2350000E+01  0.6651888E-01  0.1823025E+00
 0.2352000E+01  0.6654450E-01  0.1823373E+00
 0.2354000E+01  0.6657035E-01  0.1823722E+00
 0.2356000E+01  0.6659643E-01  0.1824072E+00
 0.2358000E+01  0.6662276E-01  0.1824423E+00
 0.2360000E+01  0.6664932E-01  0.1824775E+00
 0.2362000E+01  0.6667612E-01  0.1825129E+00
 0.2364000E+01  0.6670316E-01  0.1825484E+00
 0.2366000E+01  0.6673043E-01  0.1825839E+00
 0.2368000E+01  0.6675795E-01  0.1826197E+00
 0.2370000E+01  0.6678571E-01  0.1826555E+00
 0.2372000E+01  0.6681371E-01  0.1826914E+00
 0.2374000E+01  0.6684195E-01  0.1827275E+00
 0.2376000E+01  0.6687043E-01  0.1827637E+00
 0.2378000E+01  0.6689915E-01  0.1828000E+00
 0.2380000E+01  0.6692811E-01  0.1828365E+00
 0.2382000E+01  0.6695732E-01  0.1828731E+00
 0.2384000E+01  0.6698677E-01  0.1829098E+00
 0.2386000E+01  0.6701647E-01  0.1829466E+00
 0.2388000E+01  0.6704640E-01  0.1829836E+00
 0.2390000E+01  0.6707659E-01  0.1830207E+00
 0.2392000E+01  0.6710701E-01  0.1830580E+00
 0.2394000E+01  0.6713769E-01  0.1830953E+00
 0.2396000E+01  0.6716861E-01  0.1831328E+00
 0.2398000E+01  0.6719977E-01  0.1831705E+00
 0.2400000E+01  0.6723118E-01  0.1832083E+00
 0.2402000E+01  0.6726284E-01  0.1832462E+00
 0.2404000E+01  0.6729475E-01  0.1832843E+00
 0.2406000E+01  0.6732690E-01  0.1833224E+00
 0.2408000E+01  0.6735930E-01  0.1833608E+00
 0.2410000E+01  0.6739195E-01  0.1833993E+00
 0.2412000E+01  0.6742485E-01  0.1834379E+00
 0.2414000E+01  0.6745800E-01  0.1834767E+00
 0.2416000E+01  0.6749140E-01  0.1835156E+00
 0.2418000E+01  0.6752504E-01  0.1835546E+00
 0.2420000E+01  0.6755894E-01  0.1835938E+00
 0.2422000E+01  0.6759309E-01  0.1836332E+00
 0.2424000E+01  0.6762749E-01  0.1836727E+00
 0.2426000E+01  0.6766214E-01  0.1837123E+00
 0.2428000E+01  0.6769704E-01  0.1837521E+00
 0.2430000E+01  0.6773220E-01  0.1837920E+00
 0.2432000E+01  0.6776761E-01  0.1838321E+00
 0.2434000E+01  0.6780327E-01  0.1838724E+00
 0.2436000E+01  0.6783918E-01  0.1839128E+00
 0.2438000E+01  0.6787535E-01  0.1839533E+00
 0.2440000E+01  0.6791177E-01  0.1839940E+00
 0.2442000E+01  0.6794844E-01  0.1840349E+00
 0.2444000E+01  0.6798537E-01  0.1840759E+00
 0.2446000E+01  0.6802256E-01  0.1841170E+00
 0.2448000E+01  0.6806000E-01  0.1841583E+00
 0.2450000E+01  0.6809769E-01  0.1841998E+00
 0.2452000E+01  0.6813564E-01  0.1842414E+00
 0.2454000E+01  0.6817385E-01  0.1842832E+00
 0.2456000E+01  0.6821231E-01  0.1843252E+00
 0.2458000E+01  0.6825103E-01  0.1843673E+00
 0.2460000E+01  0.6829001E-01  0.1844095E+00
 0.2462000E+01  0.6832925E-01  0.1844519E+00
 0.2464000E+01  0.6836874E-01  0.1844945E+00
 0.2466000E+01  0.6840849E-01  0.1845373E+00
 0.2468000E+01  0.6844849E-01  0.1845802E+00
 0.2470000E+01  0.6848876E-01  0.1846232E+00
 0.2472000E+01  0.6852928E-01  0.1846665E+00
 0.2474000E+01  0.6857007E-01  0.1847098E+00
 0.2476000E+01  0.6861111E-01  0.1847534E+00
 0.2478000E+01  0.6865241E-01  0.1847971E+00
 0.2480000E+01  0.6869397E-01  0.1848410E+00
 0.2482000E+01  0.6873579E-01  0.1848850E+00
 0.2484000E+01  0.6877787E-01  0.1849292E+00
 0.2486000E+01  0.6882021E-01  0.1849736E+00
 0.2488000E+01  0.6886281E-01  0.1850181E+00
 0.2490000E+01  0.6890568E-01  0.1850629E+00
 0.2492000E+01  0.6894880E-01  0.1851077E+00
 0.2494000E+01  0.6899218E-01  0.1851528E+00
 0.2496000E+01  0.6903583E-01  0.1851980E+00
 0.2498000E+01  0.6907974E-01  0.1852433E+00
 0.2500000E+01  0.6912391E-01  0.1852889E+00
 0.2502000E+01  0.6916834E-01  0.1853346E+00
 0.2504000E+01  0.6921303E-01  0.1853805E+00
 0.2506000E+01  0.6925799E-01  0.1854265E+00
 0.2508000E+01  0.6930321E-01  0.1854727E+00
 0.2510000E+01  0.6934869E-01  0.1855191E+00
 0.2512000E+01  0.6939444E-01  0.1855657E+00
 0.2514000E+01  0.6944045E-01  0.1856124E+00
 0.2516000E+01  0.6948672E-01  0.1856593E+00
 0.2518000E+01  0.6953325E-01  0.1857064E+00
 0.2520000E+01  0.6958005E-01  0.1857536E+00
 0.2522000E+01  0.6962712E-01  0.1858010E+00
 0.2524000E+01  0.6967444E-01  0.1858486E+00
 0.2526000E+01  0.6972204E-01  0.1858963E+00
 0.2528000E+01  0.6976989E-01  0.1859443E+00
 0.2530000E+01  0.6981801E-01  0.1859924E+00
 0.2532000E+01  0.6986640E-01  0.1860406E+00
 0.2534000E+01  0.6991505E-01  0.1860891E+00
 0.2536000E+01  0.6996396E-01  0.1861377E+00
 0.2538000E+01  0.7001314E-01  0.1861865E+00
 0.2540000E+01  0.7006259E-01  0.1862354E+00
 0.2542000E+01  0.7011230E-01  0.1862846E+00
 0.2544000E+01  0.7016228E-01  0.1863339E+00
 0.2546000E+01  0.7021252E-01  0.1863834E+00
 0.2548000E+01  0.7026303E-01  0.1864330E+00
 0.2550000E+01  0.7031380E-01  0.1864828E+00
 0.2552000E+01  0.7036484E-01  0.1865328E+00
 0.2554000E+01  0.7041614E-01  0.1865830E+00
 0.2556000E+01  0.7046772E-01  0.1866334E+00
 0.2558000E+01  0.7051955E-01  0.1866839E+00
 0.2560000E+01  0.7057166E-01  0.1867346E+00
 0.2562000E+01  0.7062403E-01  0.1867855E+00
 0.2564000E+01  0.7067667E-01  0.1868365E+00
 0.2566000E+01  0.7072957E-01  0.1868878E+00
 0.2568000E+01  0.7078274E-01  0.1869392E+00
 0.2570000E+01  0.7083618E-01  0.1869908E+00
 0.2572000E+01  0.7088988E-01  0.1870425E+00
 0.2574000E+01  0.7094386E-01  0.1870945E+00
 0.2576000E+01  0.7099809E-01  0.1871466E+00
 0.2578000E+01  0.7105260E-01  0.1871988E+00
 0.2580000E+01  0.7110737E-01  0.1872513E+00
 0.2582000E+01  0.7116241E-01  0.1873039E+00
 0.2584000E+01  0.7121772E-01  0.1873568E+00
 0.2586000E+01  0.7127329E-01  0.1874097E+00
 0.2588000E+01  0.7132914E-01  0.1874629E+00
 0.2590000E+01  0.7138524E-01  0.1875162E+00
 0.2592000E+01  0.7144162E-01  0.1875698E+00
 0.2594000E+01  0.7149826E-01  0.1876235E+00
 0.2596000E+01  0.7155518E-01  0.1876773E+00
 0.2598000E+01  0.7161235E-01  0.1877314E+00
 0.2600000E+01  0.7166980E-01  0.1877856E+00
 0.2602000E+01  0.7172751E-01  0.1878400E+00
 0.2604000E+01  0.7178550E-01  0.1878946E+00
 0.2606000E+01  0.7184374E-01  0.1879493E+00
 0.2608000E+01  0.7190226E-01  0.1880043E+00
 0.2610000E+01  0.7196104E-01  0.1880594E+00
 0.2612000E+01  0.7202010E-01  0.1881146E+00
 0.2614000E+01  0.7207941E-01  0.1881701E+00
 0.2616000E+01  0.7213900E-01  0.1882257E+00
 0.2618000E+01  0.7219886E-01  0.1882816E+00
 0.2620000E+01  0.7225898E-01  0.1883375E+00
 0.2622000E+01  0.7231937E-01  0.1883937E+00
 0.2624000E+01  0.7238002E-01  0.1884501E+00
 0.2626000E+01  0.7244095E-01  0.1885066E+00
 0.2628000E+01  0.7250214E-01  0.1885633E+00
 0.2630000E+01  0.7256360E-01  0.1886201E+00
 0.2632000E+01  0.7262532E-01  0.1886772E+00
 0.2634000E+01  0.7268732E-01  0.1887344E+00
 0.2636000E+01  0.7274958E-01  0.1887918E+00
 0.2638000E+01  0.7281211E-01  0.1888494E+00
 0.2640000E+01  0.7287490E-01  0.1889072E+00
 0.2642000E+01  0.7293796E-01  0.1889651E+00
 0.2644000E+01  0.7300129E-01  0.1890232E+00
 0.2646000E+01  0.7306489E-01  0.1890815E+00
 0.2648000E+01  0.7312876E-01  0.1891400E+00
 0.2650000E+01  0.7319289E-01  0.1891986E+00
 0.2652000E+01  0.7325728E-01  0.1892574E+00
 0.2654000E+01  0.7332195E-01  0.1893164E+00
 0.2656000E+01  0.7338688E-01  0.1893756E+00
 0.2658000E+01  0.7345208E-01  0.1894349E+00
 0.2660000E+01  0.7351754E-01  0.1894944E+00
 0.2662000E+01  0.7358328E-01  0.1895541E+00
 0.2664000E+01  0.7364927E-01  0.1896140E+00
 0.2666000E+01  0.7371554E-01  0.1896740E+00
 0.2668000E+01  0.7378207E-01  0.1897343E+00
 0.2670000E+01  0.7384887E-01  0.1897947E+00
 0.2672000E+01  0.7391593E-01  0.1898552E+00
 0.2674000E+01  0.7398326E-01  0.1899160E+00
 0.2676000E+01  0.7405085E-01  0.1899769E+00
 0.2678000E+01  0.7411872E-01  0.1900380E+00
 0.2680000E+01  0.7418684E-01  0.1900993E+00
 0.2682000E+01  0.7425524E-01  0.1901608E+00
 0.2684000E+01  0.7432389E-01  0.1902224E+00
 0.2686000E+01  0.7439282E-01  0.1902842E+00
 0.2688000E+01  0.7446201E-01  0.1903462E+00
 0.2690000E+01  0.7453146E-01  0.1904083E+00
 0.2692000E+01  0.7460118E-01  0.1904707E+00
 0.2694000E+01  0.7467116E-01  0.1905332E+00
 0.2696000E+01  0.7474141E-01  0.1905959E+00
 0.2698000E+01  0.7481193E-01  0.1906587E+00
 0.2700000E+01  0.7488271E-01  0.1907218E+00
 0.2702000E+01  0.7495375E-01  0.1907850E+00
 0.2704000E+01  0.7502506E-01  0.1908483E+00
 0.2706000E+01  0.7509663E-01  0.1909119E+00
 0.2708000E+01  0.7516846E-01  0.1909756E+00
 0.2710000E+01  0.7524056E-01  0.1910395E+00
 0.2712000E+01  0.7531293E-01  0.1911036E+00
 0.2714000E+01  0.7538556E-01  0.1911679E+00
 0.2716000E+01  0.7545845E-01  0.1912323E+00
 0.2718000E+01  0.7553160E-01  0.1912969E+00
 0.2720000E+01  0.7560502E-01  0.1913617E+00
 0.2722000E+01  0.7567870E-01  0.1914267E+00
 0.2724000E+01  0.7575264E-01  0.1914918E+00
 0.2726000E+01  0.7582685E-01  0.1915571E+00
 0.2728000E+01  0.7590132E-01  0.1916226E+00
 0.2730000E+01  0.7597605E-01  0.1916882E+00
 0.2732000E+01  0.7605104E-01  0.1917541E+00
 0.2734000E+01  0.7612630E-01  0.1918201E+00
 0.2736000E+01  0.7620182E-01  0.1918862E+00
 0.2738000E+01  0.7627760E-01  0.1919526E+00
 0.2740000E+01  0.7635364E-01  0.1920191E+00
 0.2742000E+01  0.7642994E-01  0.1920858E+00
 0.2744000E+01  0.7650651E-01  0.1921527E+00
 0.2746000E+01  0.7658333E-01  0.1922197E+00
 0.2748000E+01  0.7666042E-01  0.1922869E+00
 0.2750000E+01  0.7673777E-01  0.1923543E+00
 0.2752000E+01  0.7681537E-01  0.1924219E+00
 0.2754000E+01  0.7689324E-01  0.1924896E+00
 0.2756000E+01  0.7697137E-01  0.1925575E+00
 0.2758000E+01  0.7704976E-01  0.1926256E+00
 0.2760000E+01  0.7712841E-01  0.1926939E+00
 0.2762000E+01  0.7720732E-01  0.1927623E+00
 0.2764000E+01  0.7728648E-01  0.1928309E+00
 0.2766000E+01  0.7736591E-01  0.1928997E+00
 0.2768000E+01  0.7744560E-01  0.1929687E+00
 0.2770000E+01  0.7752554E-01  0.1930378E+00
 0.2772000E+01  0.7760574E-01  0.1931071E+00
 0.2774000E+01  0.7768620E-01  0.1931766E+00
 0.2776000E+01  0.7776692E-01  0.1932462E+00
 0.2778000E+01  0.7784790E-01  0.1933160E+00
 0.2780000E+01  0.7792914E-01  0.1933860E+00
 0.2782000E+01  0.7801063E-01  0.1934562E+00
 0.2784000E+01  0.7809238E-01  0.1935265E+00
 0.2786000E+01  0.7817439E-01  0.1935970E+00
 0.2788000E+01  0.7825666E-01  0.1936677E+00
 0.2790000E+01  0.7833918E-01  0.1937385E+00
 0.2792000E+01  0.7842196E-01  0.1938096E+00
 0.2794000E+01  0.7850499E-01  0.1938808E+00
 0.2796000E+01  0.7858828E-01  0.1939521E+00
 0.2798000E+01  0.7867183E-01  0.1940237E+00
 0.2800000E+01  0.7875563E-01  0.1940954E+00
 0.2802000E+01  0.7883969E-01  0.1941673E+00
 0.2804000E+01  0.7892401E-01  0.1942394E+00
 0.2806000E+01  0.7900858E-01  0.1943116E+00
 0.2808000E+01  0.7909340E-01  0.1943840E+00
 0.2810000E+01  0.7917848E-01  0.1944566E+00
 0.2812000E+01  0.7926381E-01  0.1945293E+00
 0.2814000E+01  0.7934940E-01  0.1946023E+00
 0.2816000E+01  0.7943524E-01  0.1946753E+00
 0.2818000E+01  0.7952133E-01  0.1947486E+00
 0.2820000E+01  0.7960768E-01  0.1948221E+00
 0.2822000E+01  0.7969428E-01  0.1948957E+00
 0.2824000E+01  0.7978113E-01  0.1949695E+00
 0.2826000E+01  0.7986824E-01  0.1950434E+00
 0.2828000E+01  0.7995560E-01  0.1951175E+00
 0.2830000E+01  0.8004321E-01  0.1951918E+00
 0.2832000E+01  0.8013107E-01  0.1952663E+00
 0.2834000E+01  0.8021919E-01  0.1953410E+00
 0.2836000E+01  0.8030755E-01  0.1954158E+00
 0.2838000E+01  0.8039617E-01  0.1954908E+00
 0.2840000E+01  0.8048504E-01  0.1955659E+00
 0.2842000E+01  0.8057416E-01  0.1956413E+00
 0.2844000E+01  0.8066353E-01  0.1957168E+00
 0.2846000E+01  0.8075315E-01  0.1957924E+00
 0.2848000E+01  0.8084302E-01  0.1958683E+00
 0.2850000E+01  0.8093314E-01  0.1959443E+00
 0.2852000E+01  0.8102351E-01  0.1960205E+00
 0.2854000E+01  0.8111412E-01  0.1960969E+00
 0.2856000E+01  0.8120499E-01  0.1961734E+00
 0.2858000E+01  0.8129611E-01  0.1962501E+00
 0.2860000E+01  0.8138747E-01  0.1963270E+00
 0.2862000E+01  0.8147908E-01  0.1964041E+00
 0.2864000E+01  0.8157095E-01  0.1964813E+00
 0.2866000E+01  0.8166305E-01  0.1965587E+00
 0.2868000E+01  0.8175541E-01  0.1966363E+00
 0.2870000E+01  0.8184801E-01  0.1967140E+00
 0.2872000E+01  0.8194086E-01  0.1967919E+00
 0.2874000E+01  0.8203396E-01  0.1968700E+00
 0.2876000E+01  0.8212730E-01  0.1969483E+00
 0.2878000E+01  0.8222089E-01  0.1970267E+00
 0.2880000E+01  0.8231472E-01  0.1971053E+00
 0.2882000E+01  0.8240881E-01  0.1971841E+00
 0.2884000E+01  0.8250313E-01  0.1972630E+00
 0.2886000E+01  0.8259770E-01  0.1973422E+00
 0.2888000E+01  0.8269252E-01  0.1974214E+00
 0.2890000E+01  0.8278758E-01  0.1975009E+00
 0.2892000E+01  0.8288288E-01  0.1975805E+00
 0.2894000E+01  0.8297843E-01  0.1976604E+00
 0.2896000E+01  0.8307422E-01  0.1977403E+00
 0.2898000E+01  0.8317026E-01  0.1978205E+00
 0.2900000E+01  0.8326653E-01  0.1979008E+00
 0.2902000E+01  0.8336305E-01  0.1979813E+00
 0.2904000E+01  0.8345982E-01  0.1980620E+00
 0.2906000E+01  0.8355682E-01  0.1981428E+00
 0.2908000E+01  0.8365407E-01  0.1982239E+00
 0.2910000E+01  0.8375156E-01  0.1983050E+00
 0.2912000E+01  0.8384929E-01  0.1983864E+00
 0.2914000E+01  0.8394727E-01  0.1984679E+00
 0.2916000E+01  0.8404548E-01  0.1985496E+00
 0.2918000E+01  0.8414393E-01  0.1986315E+00
 0.2920000E+01  0.8424263E-01  0.1987136E+00
 0.2922000E+01  0.8434156E-01  0.1987958E+00
 0.2924000E+01  0.8444073E-01  0.1988782E+00
 0.2926000E+01  0.8454015E-01  0.1989608E+00
 0.2928000E+01  0.8463980E-01  0.1990435E+00
 0.2930000E+01  0.8473969E-01  0.1991264E+00
 0.2932000E+01  0.8483982E-01  0.1992095E+00
 0.2934000E+01  0.8494019E-01  0.1992928E+00
 0.2936000E+01  0.8504080E-01  0.1993762E+00
 0.2938000E+01  0.8514164E-01  0.1994598E+00
 0.2940000E+01  0.8524272E-01  0.1995436E+00
 0.2942000E+01  0.8534404E-01  0.1996275E+00
 0.2944000E+01  0.8544560E-01  0.1997117E+00
 0.2946000E+01  0.8554739E-01  0.1997960E+00
 0.2948000E+01  0.8564942E-01  0.1998804E+00
 0.2950000E+01  0.8575169E-01  0.1999651E+00
 0.2952000E+01  0.8585419E-01  0.2000499E+00
 0.2954000E+01  0.8595692E-01  0.2001349E+00
 0.2956000E+01  0.8605989E-01  0.2002200E+00
 0.2958000E+01  0.8616310E-01  0.2003054E+00
 0.2960000E+01  0.8626654E-01  0.2003909E+00
 0.2962000E+01  0.8637022E-01  0.2004766E+00
 0.2964000E+01  0.8647413E-01  0.2005624E+00
 0.2966000E+01  0.8657827E-01  0.2006485E+00
 0.2968000E+01  0.8668264E-01  0.2007347E+00
 0.2970000E+01  0.8678725E-01  0.2008210E+00
 0.2972000E+01  0.8689210E-01  0.2009076E+00
 0.2974000E+01  0.8699717E-01  0.2009943E+00
 0.2976000E+01  0.8710248E-01  0.2010812E+00
 0.2978000E+01  0.8720802E-01  0.2011683E+00
 0.2980000E+01  0.8731379E-01  0.2012555E+00
 0.2982000E+01  0.8741979E-01  0.2013430E+00
 0.2984000E+01  0.8752602E-01  0.2014305E+00
 0.2986000E+01  0.8763249E-01  0.2015183E+00
 0.2988000E+01  0.8773918E-01  0.2016063E+00
 0.2990000E+01  0.8784611E-01  0.2016944E+00
 0.2992000E+01  0.8795326E-01  0.2017827E+00
 0.2994000E+01  0.8806064E-01  0.2018711E+00
 0.2996000E+01  0.8816826E-01  0.2019598E+00
 0.2998000E+01  0.8827610E-01  0.2020486E+00
 0.3000000E+01  0.8838417E-01  0.2021376E+00
 0.3002000E+01  0.8849247E-01  0.2022267E+00
 0.3004000E+01  0.8860100E-01  0.2023161E+00
 0.3006000E+01  0.8870975E-01  0.2024056E+00
 0.3008000E+01  0.8881873E-01  0.2024952E+00
 0.3010000E+01  0.8892794E-01  0.2025851E+00
 0.3012000E+01  0.8903738E-01  0.2026751E+00
 0.3014000E+01  0.8914704E-01  0.2027653E+00
 0.3016000E+01  0.8925693E-01  0.2028557E+00
 0.3018000E+01  0.8936705E-01  0.2029463E+00
 0.3020000E+01  0.8947739E-01  0.2030370E+00
 0.3022000E+01  0.8958796E-01  0.2031279E+00
 0.3024000E+01  0.8969875E-01  0.2032190E+00
 0.3026000E+01  0.8980976E-01  0.2033102E+00
 0.3028000E+01  0.8992101E-01  0.2034017E+00
 0.3030000E+01  0.9003247E-01  0.2034933E+00
 0.3032000E+01  0.9014416E-01  0.2035850E+00
 0.3034000E+01  0.9025607E-01  0.2036770E+00
 0.3036000E+01  0.9036821E-01  0.2037691E+00
 0.3038000E+01  0.9048057E-01  0.2038614E+00
 0.3040000E+01  0.9059315E-01  0.2039539E+00
 0.3042000E+01  0.9070595E-01  0.2040466E+00
 0.3044000E+01  0.9081898E-01  0.2041394E+00
 0.3046000E+01  0.9093222E-01  0.2042324E+00
 0.3048000E+01  0.9104569E-01  0.2043256E+00
 0.3050000E+01  0.9115938E-01  0.2044189E+00
 0.3052000E+01  0.9127329E-01  0.2045124E+00
 0.3054000E+01  0.9138743E-01  0.2046061E+00
 0.3056000E+01  0.9150178E-01  0.2047000E+00
 0.3058000E+01  0.9161635E-01  0.2047941E+00
 0.3060000E+01  0.9173114E-01  0.2048883E+00
 0.3062000E+01  0.9184615E-01  0.2049827E+00
 0.3064000E+01  0.9196138E-01  0.2050773E+00
 0.3066000E+01  0.9207683E-01  0.2051720E+00
 0.3068000E+01  0.9219250E-01  0.2052670E+00
 0.3070000E+01  0.9230838E-01  0.2053621E+00
 0.3072000E+01  0.9242448E-01  0.2054574E+00
 0.3074000E+01  0.9254080E-01  0.2055528E+00
 0.3076000E+01  0.9265734E-01  0.2056484E+00
 0.3078000E+01  0.9277409E-01  0.2057442E+00
 0.3080000E+01  0.9289106E-01  0.2058402E+00
 0.3082000E+01  0.9300825E-01  0.2059364E+00
 0.3084000E+01  0.9312565E-01  0.2060327E+00
 0.3086000E+01  0.9324327E-01  0.2061292E+00
 0.3088000E+01  0.9336111E-01  0.2062259E+00
 0.3090000E+01  0.9347915E-01  0.2063228E+00
 0.3092000E+01  0.9359742E-01  0.2064198E+00
 0.3094000E+01  0.9371590E-01  0.2065170E+00
 0.3096000E+01  0.9383459E-01  0.2066144E+00
 0.3098000E+01  0.9395349E-01  0.2067120E+00
 0.3100000E+01  0.9407261E-01  0.2068097E+00
 0.3102000E+01  0.9419194E-01  0.2069076E+00
 0.3104000E+01  0.9431149E-01  0.2070057E+00
 0.3106000E+01  0.9443125E-01  0.2071040E+00
 0.3108000E+01  0.9455122E-01  0.2072024E+00
 0.3110000E+01  0.9467140E-01  0.2073010E+00
 0.3112000E+01  0.9479179E-01  0.2073998E+00
 0.3114000E+01  0.9491240E-01  0.2074988E+00
 0.3116000E+01  0.9503321E-01  0.2075980E+00
 0.3118000E+01  0.9515424E-01  0.2076973E+00
 0.3120000E+01  0.9527548E-01  0.2077968E+00
 0.3122000E+01  0.9539692E-01  0.2078964E+00
 0.3124000E+01  0.9551858E-01  0.2079963E+00
 0.3126000E+01  0.9564045E-01  0.2080963E+00
 0.3128000E+01  0.9576252E-01  0.2081965E+00
 0.3130000E+01  0.9588481E-01  0.2082969E+00
 0.3132000E+01  0.9600730E-01  0.2083974E+00
 0.3134000E+01  0.9613000E-01  0.2084982E+00
 0.3136000E+01  0.9625291E-01  0.2085991E+00
 0.3138000E+01  0.9637603E-01  0.2087002E+00
 0.3140000E+01  0.9649935E-01  0.2088014E+00
 0.3142000E+01  0.9662288E-01  0.2089028E+00
 0.3144000E+01  0.9674662E-01  0.2090045E+00
 0.3146000E+01  0.9687057E-01  0.2091062E+00
 0.3148000E+01  0.9699472E-01  0.2092082E+00
 0.3150000E+01  0.9711907E-01  0.2093103E+00
 0.3152000E+01  0.9724363E-01  0.2094126E+00
 0.3154000E+01  0.9736840E-01  0.2095151E+00
 0.3156000E+01  0.9749337E-01  0.2096178E+00
 0.3158000E+01  0.9761855E-01  0.2097206E+00
 0.3160000E+01  0.9774393E-01  0.2098236E+00
 0.3162000E+01  0.9786951E-01  0.2099268E+00
 0.3164000E+01  0.9799530E-01  0.2100302E+00
 0.3166000E+01  0.9812129E-01  0.2101337E+00
 0.3168000E+01  0.9824748E-01  0.2102375E+00
 0.3170000E+01  0.9837388E-01  0.2103413E+00
 0.3172000E+01  0.9850048E-01  0.2104454E+00
 0.3174000E+01  0.9862728E-01  0.2105497E+00
 0.3176000E+01  0.9875428E-01  0.2106541E+00
 0.3178000E+01  0.9888149E-01  0.2107587E+00
 0.3180000E+01  0.9900889E-01  0.2108634E+00
 0.3182000E+01  0.9913650E-01  0.2109684E+00
 0.3184000E+01  0.9926431E-01  0.2110735E+00
 0.3186000E+01  0.9939231E-01  0.2111788E+00
 0.3188000E+01  0.9952052E-01  0.2112843E+00
 0.3190000E+01  0.9964893E-01  0.2113899E+00
 0.3192000E+01  0.9977753E-01  0.2114957E+00
 0.3194000E+01  0.9990634E-01  0.2116017E+00
 0.3196000E+01  0.1000353E+00  0.2117079E+00
 0.3198000E+01  0.1001645E+00  0.2118142E+00
 0.3200000E+01  0.1002939E+00  0.2119208E+00
 0.3202000E+01  0.1004235E+00  0.2120275E+00
 0.3204000E+01  0.1005533E+00  0.2121343E+00
 0.3206000E+01  0.1006833E+00  0.2122414E+00
 0.3208000E+01  0.1008135E+00  0.2123486E+00
 0.3210000E+01  0.1009439E+00  0.2124560E+00
 0.3212000E+01  0.1010745E+00  0.2125636E+00
 0.3214000E+01  0.1012053E+00  0.2126713E+00
 0.3216000E+01  0.1013362E+00  0.2127792E+00
 0.3218000E+01  0.1014674E+00  0.2128873E+00
 0.3220000E+01  0.1015988E+00  0.2129956E+00
 0.3222000E+01  0.1017303E+00  0.2131040E+00
 0.3224000E+01  0.1018621E+00  0.2132127E+00
 0.3226000E+01  0.1019940E+00  0.2133215E+00
 0.3228000E+01  0.1021262E+00  0.2134304E+00
 0.3230000E+01  0.1022585E+00  0.2135396E+00
 0.3232000E+01  0.1023910E+00  0.2136489E+00
 0.3234000E+01  0.1025237E+00  0.2137584E+00
 0.3236000E+01  0.1026566E+00  0.2138680E+00
 0.3238000E+01  0.1027897E+00  0.2139779E+00
 0.3240000E+01  0.1029230E+00  0.2140879E+00
 0.3242000E+01  0.1030565E+00  0.2141981E+00
 0.3244000E+01  0.1031902E+00  0.2143084E+00
 0.3246000E+01  0.1033241E+00  0.2144190E+00
 0.3248000E+01  0.1034581E+00  0.2145297E+00
 0.3250000E+01  0.1035924E+00  0.2146406E+00
 0.3252000E+01  0.1037268E+00  0.2147516E+00
 0.3254000E+01  0.1038615E+00  0.2148628E+00
 0.3256000E+01  0.1039963E+00  0.2149742E+00
 0.3258000E+01  0.1041313E+00  0.2150858E+00
 0.3260000E+01  0.1042665E+00  0.2151976E+00
 0.3262000E+01  0.1044019E+00  0.2153095E+00
 0.3264000E+01  0.1045374E+00  0.2154216E+00
 0.3266000E+01  0.1046732E+00  0.2155338E+00
 0.3268000E+01  0.1048091E+00  0.2156463E+00
 0.3270000E+01  0.1049453E+00  0.2157589E+00
 0.3272000E+01  0.1050816E+00  0.2158717E+00
 0.3274000E+01  0.1052181E+00  0.2159846E+00
 0.3276000E+01  0.1053548E+00  0.2160978E+00
 0.3278000E+01  0.1054917E+00  0.2162111E+00
 0.3280000E+01  0.1056287E+00  0.2163245E+00
 0.3282000E+01  0.1057660E+00  0.2164382E+00
 0.3284000E+01  0.1059034E+00  0.2165520E+00
 0.3286000E+01  0.1060410E+00  0.2166660E+00
 0.3288000E+01  0.1061789E+00  0.2167802E+00
 0.3290000E+01  0.1063168E+00  0.2168945E+00
 0.3292000E+01  0.1064550E+00  0.2170090E+00
 0.3294000E+01  0.1065934E+00  0.2171237E+00
 0.3296000E+01  0.1067319E+00  0.2172385E+00
 0.3298000E+01  0.1068706E+00  0.2173535E+00
 0.3300000E+01  0.1070095E+00  0.2174687E+00
 0.3302000E+01  0.1071486E+00  0.2175841E+00
 0.3304000E+01  0.1072879E+00  0.2176996E+00
 0.3306000E+01  0.1074273E+00  0.2178153E+00
 0.3308000E+01  0.1075670E+00  0.2179312E+00
 0.3310000E+01  0.1077068E+00  0.2180473E+00
 0.3312000E+01  0.1078468E+00  0.2181635E+00
 0.3314000E+01  0.1079870E+00  0.2182799E+00
 0.3316000E+01  0.1081273E+00  0.2183964E+00
 0.3318000E+01  0.1082678E+00  0.2185131E+00
 0.3320000E+01  0.1084086E+00  0.2186300E+00
 0.3322000E+01  0.1085494E+00  0.2187471E+00
 0.3324000E+01  0.1086905E+00  0.2188644E+00
 0.3326000E+01  0.1088318E+00  0.2189818E+00
 0.3328000E+01  0.1089732E+00  0.2190993E+00
 0.3330000E+01  0.1091148E+00  0.2192171E+00
 0.3332000E+01  0.1092566E+00  0.2193350E+00
 0.3334000E+01  0.1093985E+00  0.2194531E+00
 0.3336000E+01  0.1095407E+00  0.2195713E+00
 0.3338000E+01  0.1096830E+00  0.2196898E+00
 0.3340000E+01  0.1098255E+00  0.2198084E+00
 0.3342000E+01  0.1099681E+00  0.2199271E+00
 0.3344000E+01  0.1101110E+00  0.2200461E+00
 0.3346000E+01  0.1102540E+00  0.2201651E+00
 0.3348000E+01  0.1103972E+00  0.2202844E+00
 0.3350000E+01  0.1105405E+00  0.2204039E+00
 0.3352000E+01  0.1106841E+00  0.2205235E+00
 0.3354000E+01  0.1108278E+00  0.2206432E+00
 0.3356000E+01  0.1109717E+00  0.2207632E+00
 0.3358000E+01  0.1111157E+00  0.2208833E+00
 0.3360000E+01  0.1112600E+00  0.2210035E+00
 0.3362000E+01  0.1114044E+00  0.2211240E+00
 0.3364000E+01  0.1115490E+00  0.2212446E+00
 0.3366000E+01  0.1116937E+00  0.2213654E+00
 0.3368000E+01  0.1118386E+00  0.2214863E+00
 0.3370000E+01  0.1119837E+00  0.2216074E+00
 0.3372000E+01  0.1121290E+00  0.2217287E+00
 0.3374000E+01  0.1122744E+00  0.2218502E+00
 0.3376000E+01  0.1124200E+00  0.2219718E+00
 0.3378000E+01  0.1125658E+00  0.2220935E+00
 0.3380000E+01  0.1127118E+00  0.2222155E+00
 0.3382000E+01  0.1128579E+00  0.2223376E+00
 0.3384000E+01  0.1130042E+00  0.2224599E+00
 0.3386000E+01  0.1131506E+00  0.2225823E+00
 0.3388000E+01  0.1132973E+00  0.2227049E+00
 0.3390000E+01  0.1134441E+00  0.2228277E+00
 0.3392000E+01  0.1135910E+00  0.2229506E+00
 0.3394000E+01  0.1137381E+00  0.2230737E+00
 0.3396000E+01  0.1138854E+00  0.2231970E+00
 0.3398000E+01  0.1140329E+00  0.2233204E+00
 0.3400000E+01  0.1141805E+00  0.2234440E+00
 0.3402000E+01  0.1143283E+00  0.2235678E+00
 0.3404000E+01  0.1144763E+00  0.2236917E+00
 0.3406000E+01  0.1146244E+00  0.2238158E+00
 0.3408000E+01  0.1147727E+00  0.2239400E+00
 0.3410000E+01  0.1149212E+00  0.2240645E+00
 0.3412000E+01  0.1150698E+00  0.2241890E+00
 0.3414000E+01  0.1152186E+00  0.2243138E+00
 0.3416000E+01  0.1153676E+00  0.2244387E+00
 0.3418000E+01  0.1155167E+00  0.2245638E+00
 0.3420000E+01  0.1156660E+00  0.2246890E+00
 0.3422000E+01  0.1158154E+00  0.2248144E+00
 0.3424000E+01  0.1159650E+00  0.2249399E+00
 0.3426000E+01  0.1161148E+00  0.2250657E+00
 0.3428000E+01  0.1162647E+00  0.2251915E+00
 0.3430000E+01  0.1164148E+00  0.2253176E+00
 0.3432000E+01  0.1165651E+00  0.2254438E+00
 0.3434000E+01  0.1167155E+00  0.2255702E+00
 0.3436000E+01  0.1168661E+00  0.2256967E+00
 0.3438000E+01  0.1170168E+00  0.2258234E+00
 0.3440000E+01  0.1171677E+00  0.2259502E+00
 0.3442000E+01  0.1173188E+00  0.2260773E+00
 0.3444000E+01  0.1174700E+00  0.2262044E+00
 0.3446000E+01  0.1176214E+00  0.2263318E+00
 0.3448000E+01  0.1177729E+00  0.2264593E+00
 0.3450000E+01  0.1179246E+00  0.2265869E+00
 0.3452000E+01  0.1180765E+00  0.2267147E+00
 0.3454000E+01  0.1182285E+00  0.2268427E+00
 0.3456000E+01  0.1183807E+00  0.2269709E+00
 0.3458000E+01  0.1185330E+00  0.2270992E+00
 0.3460000E+01  0.1186855E+00  0.2272276E+00
 0.3462000E+01  0.1188382E+00  0.2273562E+00
 0.3464000E+01  0.1189910E+00  0.2274850E+00
 0.3466000E+01  0.1191439E+00  0.2276139E+00
 0.3468000E+01  0.1192971E+00  0.2277430E+00
 0.3470000E+01  0.1194503E+00  0.2278723E+00
 0.3472000E+01  0.1196038E+00  0.2280017E+00
 0.3474000E+01  0.1197574E+00  0.2281313E+00
 0.3476000E+01  0.1199111E+00  0.2282610E+00
 0.3478000E+01  0.1200650E+00  0.2283909E+00
 0.3480000E+01  0.1202191E+00  0.2285209E+00
 0.3482000E+01  0.1203733E+00  0.2286511E+00
 0.3484000E+01  0.1205276E+00  0.2287815E+00
 0.3486000E+01  0.1206821E+00  0.2289120E+00
 0.3488000E+01  0.1208368E+00  0.2290427E+00
 0.3490000E+01  0.1209916E+00  0.2291735E+00
 0.3492000E+01  0.1211466E+00  0.2293045E+00
 0.3494000E+01  0.1213017E+00  0.2294356E+00
 0.3496000E+01  0.1214570E+00  0.2295669E+00
 0.3498000E+01  0.1216124E+00  0.2296984E+00
 0.3500000E+01  0.1217680E+00  0.2298300E+00
 0.3502000E+01  0.1219237E+00  0.2299618E+00
 0.3504000E+01  0.1220796E+00  0.2300937E+00
 0.3506000E+01  0.1222356E+00  0.2302258E+00
 0.3508000E+01  0.1223918E+00  0.2303580E+00
 0.3510000E+01  0.1225482E+00  0.2304904E+00
 0.3512000E+01  0.1227046E+00  0.2306230E+00
 0.3514000E+01  0.1228613E+00  0.2307557E+00
 0.3516000E+01  0.1230180E+00  0.2308885E+00
 0.3518000E+01  0.1231750E+00  0.2310215E+00
 0.3520000E+01  0.1233320E+00  0.2311547E+00
 0.3522000E+01  0.1234893E+00  0.2312880E+00
 0.3524000E+01  0.1236466E+00  0.2314215E+00
 0.3526000E+01  0.1238042E+00  0.2315551E+00
 0.3528000E+01  0.1239618E+00  0.2316889E+00
 0.3530000E+01  0.1241196E+00  0.2318228E+00
 0.3532000E+01  0.1242776E+00  0.2319569E+00
 0.3534000E+01  0.1244357E+00  0.2320911E+00
 0.3536000E+01  0.1245940E+00  0.2322255E+00
 0.3538000E+01  0.1247524E+00  0.2323600E+00
 0.3540000E+01  0.1249109E+00  0.2324947E+00
 0.3542000E+01  0.1250696E+00  0.2326296E+00
 0.3544000E+01  0.1252284E+00  0.2327646E+00
 0.3546000E+01  0.1253874E+00  0.2328997E+00
 0.3548000E+01  0.1255465E+00  0.2330350E+00
 0.3550000E+01  0.1257058E+00  0.2331705E+00
 0.3552000E+01  0.1258652E+00  0.2333061E+00
 0.3554000E+01  0.1260247E+00  0.2334418E+00
 0.3556000E+01  0.1261844E+00  0.2335777E+00
 0.3558000E+01  0.1263443E+00  0.2337138E+00
 0.3560000E+01  0.1265042E+00  0.2338500E+00
 0.3562000E+01  0.1266643E+00  0.2339863E+00
 0.3564000E+01  0.1268246E+00  0.2341229E+00
 0.3566000E+01  0.1269850E+00  0.2342595E+00
 0.3568000E+01  0.1271455E+00  0.2343963E+00
 0.3570000E+01  0.1273062E+00  0.2345333E+00
 0.3572000E+01  0.1274671E+00  0.2346704E+00
 0.3574000E+01  0.1276280E+00  0.2348076E+00
 0.3576000E+01  0.1277891E+00  0.2349450E+00
 0.3578000E+01  0.1279504E+00  0.2350826E+00
 0.3580000E+01  0.1281117E+00  0.2352203E+00
 0.3582000E+01  0.1282733E+00  0.2353581E+00
 0.3584000E+01  0.1284349E+00  0.2354961E+00
 0.3586000E+01  0.1285967E+00  0.2356343E+00
 0.3588000E+01  0.1287586E+00  0.2357725E+00
 0.3590000E+01  0.1289207E+00  0.2359110E+00
 0.3592000E+01  0.1290829E+00  0.2360496E+00
 0.3594000E+01  0.1292453E+00  0.2361883E+00
 0.3596000E+01  0.1294078E+00  0.2363272E+00
 0.3598000E+01  0.1295704E+00  0.2364662E+00
 0.3600000E+01  0.1297331E+00  0.2366054E+00
 0.3602000E+01  0.1298960E+00  0.2367447E+00
 0.3604000E+01  0.1300590E+00  0.2368842E+00
 0.3606000E+01  0.1302222E+00  0.2370238E+00
 0.3608000E+01  0.1303855E+00  0.2371635E+00
 0.3610000E+01  0.1305489E+00  0.2373034E+00
 0.3612000E+01  0.1307125E+00  0.2374435E+00
 0.3614000E+01  0.1308762E+00  0.2375837E+00
 0.3616000E+01  0.1310400E+00  0.2377240E+00
 0.3618000E+01  0.1312040E+00  0.2378645E+00
 0.3620000E+01  0.1313681E+00  0.2380051E+00
 0.3622000E+01  0.1315323E+00  0.2381459E+00
 0.3624000E+01  0.1316967E+00  0.2382868E+00
 0.3626000E+01  0.1318612E+00  0.2384278E+00
 0.3628000E+01  0.1320258E+00  0.2385690E+00
 0.3630000E+01  0.1321906E+00  0.2387104E+00
 0.3632000E+01  0.1323555E+00  0.2388519E+00
 0.3634000E+01  0.1325205E+00  0.2389935E+00
 0.3636000E+01  0.1326856E+00  0.2391353E+00
 0.3638000E+01  0.1328509E+00  0.2392772E+00
 0.3640000E+01  0.1330163E+00  0.2394193E+00
 0.3642000E+01  0.1331819E+00  0.2395615E+00
 0.3644000E+01  0.1333475E+00  0.2397038E+00
 0.3646000E+01  0.1335133E+00  0.2398463E+00
 0.3648000E+01  0.1336793E+00  0.2399889E+00
 0.3650000E+01  0.1338453E+00  0.2401317E+00
 0.3652000E+01  0.1340115E+00  0.2402746E+00
 0.3654000E+01  0.1341778E+00  0.2404177E+00
 0.3656000E+01  0.1343442E+00  0.2405609E+00
 0.3658000E+01  0.1345108E+00  0.2407042E+00
 0.3660000E+01  0.1346775E+00  0.2408477E+00
 0.3662000E+01  0.1348443E+00  0.2409913E+00
 0.3664000E+01  0.1350113E+00  0.2411351E+00
 0.3666000E+01  0.1351783E+00  0.2412789E+00
 0.3668000E+01  0.1353455E+00  0.2414230E+00
 0.3670000E+01  0.1355129E+00  0.2415672E+00
 0.3672000E+01  0.1356803E+00  0.2417115E+00
 0.3674000E+01  0.1358479E+00  0.2418559E+00
 0.3676000E+01  0.1360156E+00  0.2420005E+00
 0.3678000E+01  0.1361834E+00  0.2421453E+00
 0.3680000E+01  0.1363514E+00  0.2422901E+00
 0.3682000E+01  0.1365194E+00  0.2424351E+00
 0.3684000E+01  0.1366876E+00  0.2425803E+00
 0.3686000E+01  0.1368559E+00  0.2427256E+00
 0.3688000E+01  0.1370244E+00  0.2428710E+00
 0.3690000E+01  0.1371929E+00  0.2430166E+00
 0.3692000E+01  0.1373616E+00  0.2431623E+00
 0.3694000E+01  0.1375304E+00  0.2433081E+00
 0.3696000E+01  0.1376994E+00  0.2434541E+00
 0.3698000E+01  0.1378684E+00  0.2436002E+00
 0.3700000E+01  0.1380376E+00  0.2437465E+00
 0.3702000E+01  0.1382069E+00  0.2438928E+00
 0.3704000E+01  0.1383763E+00  0.2440394E+00
 0.3706000E+01  0.1385458E+00  0.2441860E+00
 0.3708000E+01  0.1387155E+00  0.2443328E+00
 0.3710000E+01  0.1388852E+00  0.2444797E+00
 0.3712000E+01  0.1390551E+00  0.2446268E+00
 0.3714000E+01  0.1392251E+00  0.2447740E+00
 0.3716000E+01  0.1393953E+00  0.2449213E+00
 0.3718000E+01  0.1395655E+00  0.2450688E+00
 0.3720000E+01  0.1397359E+00  0.2452164E+00
 0.3722000E+01  0.1399063E+00  0.2453642E+00
 0.3724000E+01  0.1400769E+00  0.2455120E+00
 0.3726000E+01  0.1402477E+00  0.2456601E+00
 0.3728000E+01  0.1404185E+00  0.2458082E+00
 0.3730000E+01  0.1405894E+00  0.2459565E+00
 0.3732000E+01  0.1407605E+00  0.2461049E+00
 0.3734000E+01  0.1409317E+00  0.2462534E+00
 0.3736000E+01  0.1411030E+00  0.2464021E+00
 0.3738000E+01  0.1412744E+00  0.2465509E+00
 0.3740000E+01  0.1414459E+00  0.2466999E+00
 0.3742000E+01  0.1416176E+00  0.2468490E+00
 0.3744000E+01  0.1417893E+00  0.2469982E+00
 0.3746000E+01  0.1419612E+00  0.2471475E+00
 0.3748000E+01  0.1421332E+00  0.2472970E+00
 0.3750000E+01  0.1423053E+00  0.2474466E+00
 0.3752000E+01  0.1424775E+00  0.2475963E+00
 0.3754000E+01  0.1426498E+00  0.2477462E+00
 0.3756000E+01  0.1428223E+00  0.2478962E+00
 0.3758000E+01  0.1429948E+00  0.2480463E+00
 0.3760000E+01  0.1431675E+00  0.2481966E+00
 0.3762000E+01  0.1433402E+00  0.2483470E+00
 0.3764000E+01  0.1435131E+00  0.2484975E+00
 0.3766000E+01  0.1436861E+00  0.2486482E+00
 0.3768000E+01  0.1438592E+00  0.2487990E+00
 0.3770000E+01  0.1440325E+00  0.2489499E+00
 0.3772000E+01  0.1442058E+00  0.2491010E+00
 0.3774000E+01  0.1443792E+00  0.2492521E+00
 0.3776000E+01  0.1445528E+00  0.2494034E+00
 0.3778000E+01  0.1447264E+00  0.2495549E+00
 0.3780000E+01  0.1449002E+00  0.2497064E+00
 0.3782000E+01  0.1450741E+00  0.2498581E+00
 0.3784000E+01  0.1452481E+00  0.2500100E+00
 0.3786000E+01  0.1454222E+00  0.2501619E+00
 0.3788000E+01  0.1455964E+00  0.2503140E+00
 0.3790000E+01  0.1457707E+00  0.2504662E+00
 0.3792000E+01  0.1459451E+00  0.2506185E+00
 0.3794000E+01  0.1461196E+00  0.2507710E+00
 0.3796000E+01  0.1462942E+00  0.2509236E+00
 0.3798000E+01  0.1464690E+00  0.2510763E+00
 0.3800000E+01  0.1466438E+00  0.2512292E+00
 0.3802000E+01  0.1468188E+00  0.2513821E+00
 0.3804000E+01  0.1469938E+00  0.2515353E+00
 0.3806000E+01  0.1471690E+00  0.2516885E+00
 0.3808000E+01  0.1473443E+00  0.2518418E+00
 0.3810000E+01  0.1475197E+00  0.2519953E+00
 0.3812000E+01  0.1476951E+00  0.2521489E+00
 0.3814000E+01  0.1478707E+00  0.2523027E+00
 0.3816000E+01  0.1480464E+00  0.2524565E+00
 0.3818000E+01  0.1482222E+00  0.2526105E+00
 0.3820000E+01  0.1483981E+00  0.2527646E+00
 0.3822000E+01  0.1485741E+00  0.2529189E+00
 0.3824000E+01  0.1487502E+00  0.2530732E+00
 0.3826000E+01  0.1489264E+00  0.2532277E+00
 0.3828000E+01  0.1491027E+00  0.2533823E+00
 0.3830000E+01  0.1492791E+00  0.2535371E+00
 0.3832000E+01  0.1494556E+00  0.2536919E+00
 0.3834000E+01  0.1496322E+00  0.2538469E+00
 0.3836000E+01  0.1498089E+00  0.2540020E+00
 0.3838000E+01  0.1499858E+00  0.2541573E+00
 0.3840000E+01  0.1501627E+00  0.2543126E+00
 0.3842000E+01  0.1503397E+00  0.2544681E+00
 0.3844000E+01  0.1505168E+00  0.2546237E+00
 0.3846000E+01  0.1506940E+00  0.2547794E+00
 0.3848000E+01  0.1508713E+00  0.2549353E+00
 0.3850000E+01  0.1510488E+00  0.2550913E+00
 0.3852000E+01  0.1512263E+00  0.2552473E+00
 0.3854000E+01  0.1514039E+00  0.2554036E+00
 0.3856000E+01  0.1515816E+00  0.2555599E+00
 0.3858000E+01  0.1517594E+00  0.2557164E+00
 0.3860000E+01  0.1519373E+00  0.2558730E+00
 0.3862000E+01  0.1521153E+00  0.2560297E+00
 0.3864000E+01  0.1522934E+00  0.2561865E+00
 0.3866000E+01  0.1524716E+00  0.2563434E+00
 0.3868000E+01  0.1526499E+00  0.2565005E+00
 0.3870000E+01  0.1528283E+00  0.2566577E+00
 0.3872000E+01  0.1530068E+00  0.2568150E+00
 0.3874000E+01  0.1531854E+00  0.2569724E+00
 0.3876000E+01  0.1533641E+00  0.2571300E+00
 0.3878000E+01  0.1535429E+00  0.2572877E+00
 0.3880000E+01  0.1537217E+00  0.2574455E+00
 0.3882000E+01  0.1539007E+00  0.2576034E+00
 0.3884000E+01  0.1540798E+00  0.2577614E+00
 0.3886000E+01  0.1542589E+00  0.2579196E+00
 0.3888000E+01  0.1544382E+00  0.2580778E+00
 0.3890000E+01  0.1546175E+00  0.2582362E+00
 0.3892000E+01  0.1547970E+00  0.2583947E+00
 0.3894000E+01  0.1549765E+00  0.2585533E+00
 0.3896000E+01  0.1551561E+00  0.2587121E+00
 0.3898000E+01  0.1553359E+00  0.2588710E+00
 0.3900000E+01  0.1555157E+00  0.2590299E+00
 0.3902000E+01  0.1556956E+00  0.2591890E+00
 0.3904000E+01  0.1558756E+00  0.2593483E+00
 0.3906000E+01  0.1560557E+00  0.2595076E+00
 0.3908000E+01  0.1562358E+00  0.2596671E+00
 0.3910000E+01  0.1564161E+00  0.2598266E+00
 0.3912000E+01  0.1565965E+00  0.2599863E+00
 0.3914000E+01  0.1567769E+00  0.2601461E+00
 0.3916000E+01  0.1569575E+00  0.2603060E+00
 0.3918000E+01  0.1571381E+00  0.2604661E+00
 0.3920000E+01  0.1573188E+00  0.2606262E+00
 0.3922000E+01  0.1574996E+00  0.2607865E+00
 0.3924000E+01  0.1576805E+00  0.2609469E+00
 0.3926000E+01  0.1578615E+00  0.2611074E+00
 0.3928000E+01  0.1580426E+00  0.2612680E+00
 0.3930000E+01  0.1582238E+00  0.2614287E+00
 0.3932000E+01  0.1584050E+00  0.2615896E+00
 0.3934000E+01  0.1585864E+00  0.2617506E+00
 0.3936000E+01  0.1587678E+00  0.2619116E+00
 0.3938000E+01  0.1589493E+00  0.2620728E+00
 0.3940000E+01  0.1591309E+00  0.2622341E+00
 0.3942000E+01  0.1593126E+00  0.2623956E+00
 0.3944000E+01  0.1594944E+00  0.2625571E+00
 0.3946000E+01  0.1596763E+00  0.2627188E+00
 0.3948000E+01  0.1598582E+00  0.2628805E+00
 0.3950000E+01  0.1600403E+00  0.2630424E+00
 0.3952000E+01  0.1602224E+00  0.2632044E+00
 0.3954000E+01  0.1604046E+00  0.2633665E+00
 0.3956000E+01  0.1605869E+00  0.2635287E+00
 0.3958000E+01  0.1607693E+00  0.2636911E+00
 0.3960000E+01  0.1609517E+00  0.2638535E+00
 0.3962000E+01  0.1611343E+00  0.2640161E+00
 0.3964000E+01  0.1613169E+00  0.2641787E+00
 0.3966000E+01  0.1614996E+00  0.2643415E+00
 0.3968000E+01  0.1616824E+00  0.2645044E+00
 0.3970000E+01  0.1618653E+00  0.2646674E+00
 0.3972000E+01  0.1620483E+00  0.2648305E+00
 0.3974000E+01  0.1622314E+00  0.2649938E+00
 0.3976000E+01  0.1624145E+00  0.2651571E+00
 0.3978000E+01  0.1625977E+00  0.2653205E+00
 0.3980000E+01  0.1627810E+00  0.2654841E+00
 0.3982000E+01  0.1629644E+00  0.2656478E+00
 0.3984000E+01  0.1631478E+00  0.2658116E+00
 0.3986000E+01  0.1633314E+00  0.2659755E+00
 0.3988000E+01  0.1635150E+00  0.2661395E+00
 0.3990000E+01  0.1636987E+00  0.2663036E+00
 0.3992000E+01  0.1638825E+00  0.2664678E+00
 0.3994000E+01  0.1640663E+00  0.2666321E+00
 0.3996000E+01  0.1642503E+00  0.2667966E+00
 0.3998000E+01  0.1644343E+00  0.2669611E+00
 0.4000000E+01  0.1646184E+00  0.2671258E+00
 0.4002000E+01  0.1648026E+00  0.2672906E+00
 0.4004000E+01  0.1649869E+00  0.2674555E+00
 0.4006000E+01  0.1651712E+00  0.2676205E+00
 0.4008000E+01  0.1653556E+00  0.2677856E+00
 0.4010000E+01  0.1655401E+00  0.2679508E+00
 0.4012000E+01  0.1657247E+00  0.2681161E+00
 0.4014000E+01  0.1659093E+00  0.2682815E+00
 0.4016000E+01  0.1660941E+00  0.2684470E+00
 0.4018000E+01  0.1662789E+00  0.2686127E+00
 0.4020000E+01  0.1664637E+00  0.2687784E+00
 0.4022000E+01  0.1666487E+00  0.2689443E+00
 0.4024000E+01  0.1668337E+00  0.2691102E+00
 0.4026000E+01  0.1670188E+00  0.2692763E+00
 0.4028000E+01  0.1672040E+00  0.2694425E+00
 0.4030000E+01  0.1673893E+00  0.2696088E+00
 0.4032000E+01  0.1675746E+00  0.2697751E+00
 0.4034000E+01  0.1677600E+00  0.2699416E+00
 0.4036000E+01  0.1679455E+00  0.2701082E+00
 0.4038000E+01  0.1681311E+00  0.2702749E+00
 0.4040000E+01  0.1683167E+00  0.2704417E+00
 0.4042000E+01  0.1685024E+00  0.2706087E+00
 0.4044000E+01  0.1686882E+00  0.2707757E+00
 0.4046000E+01  0.1688741E+00  0.2709428E+00
 0.4048000E+01  0.1690600E+00  0.2711100E+00
 0.4050000E+01  0.1692460E+00  0.2712774E+00
 0.4052000E+01  0.1694321E+00  0.2714448E+00
 0.4054000E+01  0.1696183E+00  0.2716124E+00
 0.4056000E+01  0.1698045E+00  0.2717800E+00
 0.4058000E+01  0.1699908E+00  0.2719478E+00
 0.4060000E+01  0.1701771E+00  0.2721156E+00
 0.4062000E+01  0.1703636E+00  0.2722836E+00
 0.4064000E+01  0.1705501E+00  0.2724517E+00
 0.4066000E+01  0.1707367E+00  0.2726198E+00
 0.4068000E+01  0.1709233E+00  0.2727881E+00
 0.4070000E+01  0.1711100E+00  0.2729565E+00
 0.4072000E+01  0.1712968E+00  0.2731249E+00
 0.4074000E+01  0.1714837E+00  0.2732935E+00
 0.4076000E+01  0.1716706E+00  0.2734622E+00
 0.4078000E+01  0.1718576E+00  0.2736310E+00
 0.4080000E+01  0.1720447E+00  0.2737999E+00
 0.4082000E+01  0.1722319E+00  0.2739689E+00
 0.4084000E+01  0.1724191E+00  0.2741380E+00
 0.4086000E+01  0.1726063E+00  0.2743072E+00
 0.4088000E+01  0.1727937E+00  0.2744764E+00
 0.4090000E+01  0.1729811E+00  0.2746458E+00
 0.4092000E+01  0.1731686E+00  0.2748153E+00
 0.4094000E+01  0.1733561E+00  0.2749849E+00
 0.4096000E+01  0.1735438E+00  0.2751546E+00
