 0.100000E-01  0.138824E-02  0.206558E-01  0.575347E+00  0.483131E+00
 0.200000E-01  0.139014E-02  0.206842E-01  0.576346E+00  0.483968E+00
 0.300000E-01  0.139305E-02  0.207277E-01  0.577867E+00  0.485242E+00
 0.400000E-01  0.139693E-02  0.207857E-01  0.579888E+00  0.486935E+00
 0.500000E-01  0.140173E-02  0.208577E-01  0.582388E+00  0.489030E+00
 0.600000E-01  0.140743E-02  0.209430E-01  0.585350E+00  0.491511E+00
 0.700000E-01  0.141398E-02  0.210411E-01  0.588758E+00  0.494366E+00
 0.800000E-01  0.142136E-02  0.211517E-01  0.592596E+00  0.497581E+00
 0.900000E-01  0.142953E-02  0.212742E-01  0.596853E+00  0.501147E+00
 0.100000E+00  0.143847E-02  0.214083E-01  0.601515E+00  0.505052E+00
 0.110000E+00  0.144816E-02  0.215536E-01  0.606573E+00  0.509288E+00
 0.120000E+00  0.145857E-02  0.217098E-01  0.612017E+00  0.513848E+00
 0.130000E+00  0.146969E-02  0.218766E-01  0.617839E+00  0.518723E+00
 0.140000E+00  0.148150E-02  0.220537E-01  0.624030E+00  0.523908E+00
 0.150000E+00  0.149399E-02  0.222410E-01  0.630585E+00  0.529397E+00
 0.160000E+00  0.150713E-02  0.224381E-01  0.637497E+00  0.535185E+00
 0.170000E+00  0.152092E-02  0.226449E-01  0.644761E+00  0.541267E+00
 0.180000E+00  0.153535E-02  0.228612E-01  0.652373E+00  0.547640E+00
 0.190000E+00  0.155041E-02  0.230868E-01  0.660328E+00  0.554300E+00
 0.200000E+00  0.156608E-02  0.233216E-01  0.668624E+00  0.561245E+00
 0.210000E+00  0.158236E-02  0.235654E-01  0.677258E+00  0.568471E+00
 0.220000E+00  0.159925E-02  0.238182E-01  0.686227E+00  0.575978E+00
 0.230000E+00  0.161673E-02  0.240798E-01  0.695529E+00  0.583763E+00
 0.240000E+00  0.163480E-02  0.243501E-01  0.705163E+00  0.591825E+00
 0.250000E+00  0.165346E-02  0.246290E-01  0.715128E+00  0.600163E+00
 0.260000E+00  0.167271E-02  0.249166E-01  0.725423E+00  0.608777E+00
 0.270000E+00  0.169253E-02  0.252126E-01  0.736048E+00  0.617666E+00
 0.280000E+00  0.171294E-02  0.255171E-01  0.747003E+00  0.626830E+00
 0.290000E+00  0.173393E-02  0.258300E-01  0.758289E+00  0.636269E+00
 0.300000E+00  0.175549E-02  0.261512E-01  0.769906E+00  0.645984E+00
 0.310000E+00  0.177763E-02  0.264809E-01  0.781855E+00  0.655976E+00
 0.320000E+00  0.180034E-02  0.268188E-01  0.794137E+00  0.666245E+00
 0.330000E+00  0.182363E-02  0.271651E-01  0.806753E+00  0.676793E+00
 0.340000E+00  0.184751E-02  0.275198E-01  0.819707E+00  0.687621E+00
 0.350000E+00  0.187196E-02  0.278827E-01  0.832998E+00  0.698731E+00
 0.360000E+00  0.189700E-02  0.282540E-01  0.846631E+00  0.710124E+00
 0.370000E+00  0.192262E-02  0.286336E-01  0.860606E+00  0.721802E+00
 0.380000E+00  0.194883E-02  0.290215E-01  0.874928E+00  0.733767E+00
 0.390000E+00  0.197563E-02  0.294179E-01  0.889598E+00  0.746022E+00
 0.400000E+00  0.200302E-02  0.298227E-01  0.904620E+00  0.758569E+00
 0.410000E+00  0.203102E-02  0.302359E-01  0.919997E+00  0.771411E+00
 0.420000E+00  0.205961E-02  0.306577E-01  0.935732E+00  0.784550E+00
 0.430000E+00  0.208882E-02  0.310880E-01  0.951829E+00  0.797989E+00
 0.440000E+00  0.211864E-02  0.315269E-01  0.968293E+00  0.811732E+00
 0.450000E+00  0.214908E-02  0.319744E-01  0.985126E+00  0.825782E+00
 0.460000E+00  0.218014E-02  0.324307E-01  0.100233E+01  0.840141E+00
 0.470000E+00  0.221183E-02  0.328957E-01  0.101992E+01  0.854814E+00
 0.480000E+00  0.224416E-02  0.333696E-01  0.103789E+01  0.869803E+00
 0.490000E+00  0.227713E-02  0.338524E-01  0.105625E+01  0.885114E+00
 0.500000E+00  0.231075E-02  0.343442E-01  0.107500E+01  0.900749E+00
 0.510000E+00  0.234503E-02  0.348451E-01  0.109414E+01  0.916713E+00
 0.520000E+00  0.237998E-02  0.353551E-01  0.111369E+01  0.933009E+00
 0.530000E+00  0.241559E-02  0.358744E-01  0.113365E+01  0.949643E+00
 0.540000E+00  0.245189E-02  0.364030E-01  0.115402E+01  0.966618E+00
 0.550000E+00  0.248887E-02  0.369411E-01  0.117481E+01  0.983939E+00
 0.560000E+00  0.252655E-02  0.374887E-01  0.119603E+01  0.100161E+01
 0.570000E+00  0.256494E-02  0.380459E-01  0.121768E+01  0.101964E+01
 0.580000E+00  0.260404E-02  0.386129E-01  0.123976E+01  0.103802E+01
 0.590000E+00  0.264387E-02  0.391897E-01  0.126229E+01  0.105678E+01
 0.600000E+00  0.268443E-02  0.397765E-01  0.128527E+01  0.107590E+01
 0.610000E+00  0.272573E-02  0.403734E-01  0.130870E+01  0.109540E+01
 0.620000E+00  0.276778E-02  0.409805E-01  0.133260E+01  0.111528E+01
 0.630000E+00  0.281060E-02  0.415979E-01  0.135697E+01  0.113554E+01
 0.640000E+00  0.285420E-02  0.422258E-01  0.138182E+01  0.115620E+01
 0.650000E+00  0.289858E-02  0.428643E-01  0.140715E+01  0.117726E+01
 0.660000E+00  0.294375E-02  0.435135E-01  0.143297E+01  0.119872E+01
 0.670000E+00  0.298974E-02  0.441735E-01  0.145930E+01  0.122059E+01
 0.680000E+00  0.303654E-02  0.448446E-01  0.148613E+01  0.124287E+01
 0.690000E+00  0.308418E-02  0.455267E-01  0.151347E+01  0.126558E+01
 0.700000E+00  0.313265E-02  0.462202E-01  0.154134E+01  0.128871E+01
 0.710000E+00  0.318199E-02  0.469251E-01  0.156974E+01  0.131228E+01
 0.720000E+00  0.323219E-02  0.476417E-01  0.159868E+01  0.133629E+01
 0.730000E+00  0.328328E-02  0.483699E-01  0.162817E+01  0.136075E+01
 0.740000E+00  0.333526E-02  0.491101E-01  0.165822E+01  0.138567E+01
 0.750000E+00  0.338815E-02  0.498624E-01  0.168883E+01  0.141104E+01
 0.760000E+00  0.344196E-02  0.506269E-01  0.172002E+01  0.143689E+01
 0.770000E+00  0.349670E-02  0.514038E-01  0.175179E+01  0.146321E+01
 0.780000E+00  0.355240E-02  0.521933E-01  0.178415E+01  0.149001E+01
 0.790000E+00  0.360907E-02  0.529956E-01  0.181712E+01  0.151730E+01
 0.800000E+00  0.366671E-02  0.538109E-01  0.185070E+01  0.154510E+01
 0.810000E+00  0.372535E-02  0.546392E-01  0.188491E+01  0.157340E+01
 0.820000E+00  0.378501E-02  0.554809E-01  0.191974E+01  0.160221E+01
 0.830000E+00  0.384568E-02  0.563362E-01  0.195523E+01  0.163154E+01
 0.840000E+00  0.390741E-02  0.572051E-01  0.199136E+01  0.166141E+01
 0.850000E+00  0.397019E-02  0.580879E-01  0.202816E+01  0.169181E+01
 0.860000E+00  0.403405E-02  0.589849E-01  0.206563E+01  0.172276E+01
 0.870000E+00  0.409900E-02  0.598962E-01  0.210379E+01  0.175426E+01
 0.880000E+00  0.416506E-02  0.608220E-01  0.214265E+01  0.178633E+01
 0.890000E+00  0.423226E-02  0.617625E-01  0.218221E+01  0.181897E+01
 0.900000E+00  0.430060E-02  0.627180E-01  0.222250E+01  0.185219E+01
 0.910000E+00  0.437010E-02  0.636888E-01  0.226351E+01  0.188600E+01
 0.920000E+00  0.444079E-02  0.646749E-01  0.230528E+01  0.192041E+01
 0.930000E+00  0.451268E-02  0.656766E-01  0.234779E+01  0.195543E+01
 0.940000E+00  0.458579E-02  0.666943E-01  0.239108E+01  0.199107E+01
 0.950000E+00  0.466015E-02  0.677280E-01  0.243515E+01  0.202733E+01
 0.960000E+00  0.473576E-02  0.687781E-01  0.248001E+01  0.206423E+01
 0.970000E+00  0.481266E-02  0.698448E-01  0.252568E+01  0.210178E+01
 0.980000E+00  0.489087E-02  0.709284E-01  0.257216E+01  0.213999E+01
 0.990000E+00  0.497039E-02  0.720290E-01  0.261949E+01  0.217886E+01
 0.100000E+01  0.505127E-02  0.731471E-01  0.266765E+01  0.221841E+01
 0.101000E+01  0.513351E-02  0.742827E-01  0.271669E+01  0.225866E+01
 0.102000E+01  0.521714E-02  0.754362E-01  0.276659E+01  0.229959E+01
 0.103000E+01  0.530219E-02  0.766079E-01  0.281739E+01  0.234124E+01
 0.104000E+01  0.538867E-02  0.777981E-01  0.286909E+01  0.238361E+01
 0.105000E+01  0.547661E-02  0.790070E-01  0.292170E+01  0.242671E+01
 0.106000E+01  0.556603E-02  0.802348E-01  0.297526E+01  0.247056E+01
 0.107000E+01  0.565696E-02  0.814820E-01  0.302976E+01  0.251516E+01
 0.108000E+01  0.574943E-02  0.827487E-01  0.308522E+01  0.256052E+01
 0.109000E+01  0.584345E-02  0.840354E-01  0.314167E+01  0.260666E+01
 0.110000E+01  0.593905E-02  0.853422E-01  0.319911E+01  0.265359E+01
 0.111000E+01  0.603627E-02  0.866695E-01  0.325757E+01  0.270133E+01
 0.112000E+01  0.613512E-02  0.880177E-01  0.331706E+01  0.274987E+01
 0.113000E+01  0.623563E-02  0.893870E-01  0.337759E+01  0.279925E+01
 0.114000E+01  0.633783E-02  0.907777E-01  0.343918E+01  0.284946E+01
 0.115000E+01  0.644176E-02  0.921902E-01  0.350186E+01  0.290052E+01
 0.116000E+01  0.654742E-02  0.936249E-01  0.356564E+01  0.295245E+01
 0.117000E+01  0.665487E-02  0.950820E-01  0.363053E+01  0.300526E+01
 0.118000E+01  0.676411E-02  0.965619E-01  0.369655E+01  0.305895E+01
 0.119000E+01  0.687520E-02  0.980650E-01  0.376373E+01  0.311355E+01
 0.120000E+01  0.698814E-02  0.995916E-01  0.383208E+01  0.316907E+01
 0.121000E+01  0.710299E-02  0.101142E+00  0.390162E+01  0.322552E+01
 0.122000E+01  0.721976E-02  0.102717E+00  0.397237E+01  0.328292E+01
 0.123000E+01  0.733849E-02  0.104316E+00  0.404434E+01  0.334127E+01
 0.124000E+01  0.745921E-02  0.105940E+00  0.411757E+01  0.340060E+01
 0.125000E+01  0.758195E-02  0.107590E+00  0.419207E+01  0.346092E+01
 0.126000E+01  0.770676E-02  0.109266E+00  0.426786E+01  0.352224E+01
 0.127000E+01  0.783365E-02  0.110967E+00  0.434496E+01  0.358459E+01
 0.128000E+01  0.796267E-02  0.112695E+00  0.442339E+01  0.364796E+01
 0.129000E+01  0.809386E-02  0.114451E+00  0.450317E+01  0.371238E+01
 0.130000E+01  0.822724E-02  0.116233E+00  0.458433E+01  0.377787E+01
 0.131000E+01  0.836286E-02  0.118044E+00  0.466689E+01  0.384444E+01
 0.132000E+01  0.850075E-02  0.119882E+00  0.475087E+01  0.391211E+01
 0.133000E+01  0.864095E-02  0.121750E+00  0.483629E+01  0.398089E+01
 0.134000E+01  0.878350E-02  0.123646E+00  0.492317E+01  0.405079E+01
 0.135000E+01  0.892843E-02  0.125572E+00  0.501155E+01  0.412184E+01
 0.136000E+01  0.907580E-02  0.127528E+00  0.510144E+01  0.419406E+01
 0.137000E+01  0.922563E-02  0.129515E+00  0.519287E+01  0.426745E+01
 0.138000E+01  0.937796E-02  0.131533E+00  0.528586E+01  0.434204E+01
 0.139000E+01  0.953285E-02  0.133582E+00  0.538043E+01  0.441785E+01
 0.140000E+01  0.969033E-02  0.135663E+00  0.547663E+01  0.449488E+01
 0.141000E+01  0.985045E-02  0.137776E+00  0.557446E+01  0.457317E+01
 0.142000E+01  0.100132E-01  0.139922E+00  0.567395E+01  0.465272E+01
 0.143000E+01  0.101788E-01  0.142102E+00  0.577514E+01  0.473356E+01
 0.144000E+01  0.103471E-01  0.144316E+00  0.587804E+01  0.481571E+01
 0.145000E+01  0.105182E-01  0.146564E+00  0.598269E+01  0.489918E+01
 0.146000E+01  0.106921E-01  0.148847E+00  0.608912E+01  0.498399E+01
 0.147000E+01  0.108690E-01  0.151166E+00  0.619734E+01  0.507016E+01
 0.148000E+01  0.110488E-01  0.153521E+00  0.630740E+01  0.515771E+01
 0.149000E+01  0.112317E-01  0.155913E+00  0.641932E+01  0.524667E+01
 0.150000E+01  0.114176E-01  0.158342E+00  0.653312E+01  0.533705E+01
 0.151000E+01  0.116066E-01  0.160808E+00  0.664885E+01  0.542886E+01
 0.152000E+01  0.117988E-01  0.163313E+00  0.676652E+01  0.552214E+01
 0.153000E+01  0.119942E-01  0.165857E+00  0.688617E+01  0.561691E+01
 0.154000E+01  0.121928E-01  0.168441E+00  0.700784E+01  0.571317E+01
 0.155000E+01  0.123948E-01  0.171065E+00  0.713155E+01  0.581097E+01
 0.156000E+01  0.126002E-01  0.173729E+00  0.725734E+01  0.591031E+01
 0.157000E+01  0.128090E-01  0.176436E+00  0.738523E+01  0.601121E+01
 0.158000E+01  0.130212E-01  0.179184E+00  0.751527E+01  0.611371E+01
 0.159000E+01  0.132371E-01  0.181975E+00  0.764748E+01  0.621782E+01
 0.160000E+01  0.134565E-01  0.184809E+00  0.778190E+01  0.632357E+01
 0.161000E+01  0.136796E-01  0.187688E+00  0.791857E+01  0.643098E+01
 0.162000E+01  0.139064E-01  0.190611E+00  0.805751E+01  0.654007E+01
 0.163000E+01  0.141371E-01  0.193580E+00  0.819877E+01  0.665086E+01
 0.164000E+01  0.143716E-01  0.196595E+00  0.834239E+01  0.676338E+01
 0.165000E+01  0.146100E-01  0.199656E+00  0.848839E+01  0.687766E+01
 0.166000E+01  0.148524E-01  0.202766E+00  0.863682E+01  0.699371E+01
 0.167000E+01  0.150988E-01  0.205924E+00  0.878771E+01  0.711156E+01
 0.168000E+01  0.153494E-01  0.209130E+00  0.894111E+01  0.723125E+01
 0.169000E+01  0.156041E-01  0.212387E+00  0.909705E+01  0.735278E+01
 0.170000E+01  0.158631E-01  0.215694E+00  0.925557E+01  0.747619E+01
 0.171000E+01  0.161264E-01  0.219053E+00  0.941671E+01  0.760150E+01
 0.172000E+01  0.163942E-01  0.222464E+00  0.958052E+01  0.772875E+01
 0.173000E+01  0.166664E-01  0.225928E+00  0.974703E+01  0.785795E+01
 0.174000E+01  0.169431E-01  0.229445E+00  0.991629E+01  0.798913E+01
 0.175000E+01  0.172245E-01  0.233018E+00  0.100883E+02  0.812232E+01
 0.176000E+01  0.175106E-01  0.236645E+00  0.102632E+02  0.825755E+01
 0.177000E+01  0.178014E-01  0.240330E+00  0.104410E+02  0.839484E+01
 0.178000E+01  0.180972E-01  0.244071E+00  0.106216E+02  0.853422E+01
 0.179000E+01  0.183978E-01  0.247871E+00  0.108053E+02  0.867573E+01
 0.180000E+01  0.187035E-01  0.251729E+00  0.109920E+02  0.881938E+01
 0.181000E+01  0.190143E-01  0.255648E+00  0.111817E+02  0.896522E+01
 0.182000E+01  0.193303E-01  0.259627E+00  0.113745E+02  0.911326E+01
 0.183000E+01  0.196515E-01  0.263668E+00  0.115705E+02  0.926353E+01
 0.184000E+01  0.199782E-01  0.267772E+00  0.117697E+02  0.941608E+01
 0.185000E+01  0.203102E-01  0.271939E+00  0.119721E+02  0.957092E+01
 0.186000E+01  0.206478E-01  0.276171E+00  0.121779E+02  0.972809E+01
 0.187000E+01  0.209911E-01  0.280469E+00  0.123870E+02  0.988761E+01
 0.188000E+01  0.213401E-01  0.284834E+00  0.125995E+02  0.100495E+02
 0.189000E+01  0.216949E-01  0.289266E+00  0.128154E+02  0.102139E+02
 0.190000E+01  0.220556E-01  0.293768E+00  0.130349E+02  0.103807E+02
 0.191000E+01  0.224224E-01  0.298338E+00  0.132580E+02  0.105499E+02
 0.192000E+01  0.227953E-01  0.302980E+00  0.134846E+02  0.107217E+02
 0.193000E+01  0.231744E-01  0.307694E+00  0.137150E+02  0.108961E+02
 0.194000E+01  0.235598E-01  0.312481E+00  0.139490E+02  0.110730E+02
 0.195000E+01  0.239517E-01  0.317343E+00  0.141869E+02  0.112526E+02
 0.196000E+01  0.243501E-01  0.322279E+00  0.144286E+02  0.114348E+02
 0.197000E+01  0.247551E-01  0.327293E+00  0.146743E+02  0.116197E+02
 0.198000E+01  0.251669E-01  0.332384E+00  0.149239E+02  0.118073E+02
 0.199000E+01  0.255856E-01  0.337554E+00  0.151775E+02  0.119977E+02
 0.200000E+01  0.260112E-01  0.342804E+00  0.154352E+02  0.121908E+02
 0.201000E+01  0.264440E-01  0.348135E+00  0.156971E+02  0.123868E+02
 0.202000E+01  0.268839E-01  0.353550E+00  0.159632E+02  0.125857E+02
 0.203000E+01  0.273312E-01  0.359048E+00  0.162336E+02  0.127875E+02
 0.204000E+01  0.277860E-01  0.364631E+00  0.165083E+02  0.129922E+02
 0.205000E+01  0.282483E-01  0.370301E+00  0.167874E+02  0.131999E+02
 0.206000E+01  0.287183E-01  0.376059E+00  0.170711E+02  0.134106E+02
 0.207000E+01  0.291962E-01  0.381906E+00  0.173592E+02  0.136244E+02
 0.208000E+01  0.296820E-01  0.387843E+00  0.176520E+02  0.138412E+02
 0.209000E+01  0.301759E-01  0.393873E+00  0.179495E+02  0.140612E+02
 0.210000E+01  0.306781E-01  0.399996E+00  0.182518E+02  0.142844E+02
 0.211000E+01  0.311886E-01  0.406213E+00  0.185588E+02  0.145107E+02
 0.212000E+01  0.317076E-01  0.412527E+00  0.188708E+02  0.147403E+02
 0.213000E+01  0.322352E-01  0.418939E+00  0.191878E+02  0.149733E+02
 0.214000E+01  0.327716E-01  0.425451E+00  0.195098E+02  0.152095E+02
 0.215000E+01  0.333170E-01  0.432063E+00  0.198370E+02  0.154492E+02
 0.216000E+01  0.338714E-01  0.438777E+00  0.201694E+02  0.156922E+02
 0.217000E+01  0.344350E-01  0.445595E+00  0.205071E+02  0.159387E+02
 0.218000E+01  0.350081E-01  0.452519E+00  0.208501E+02  0.161887E+02
 0.219000E+01  0.355906E-01  0.459550E+00  0.211986E+02  0.164423E+02
 0.220000E+01  0.361828E-01  0.466690E+00  0.215527E+02  0.166995E+02
 0.221000E+01  0.367849E-01  0.473940E+00  0.219123E+02  0.169603E+02
 0.222000E+01  0.373970E-01  0.481303E+00  0.222777E+02  0.172247E+02
 0.223000E+01  0.380192E-01  0.488779E+00  0.226489E+02  0.174930E+02
 0.224000E+01  0.386518E-01  0.496372E+00  0.230259E+02  0.177649E+02
 0.225000E+01  0.392948E-01  0.504081E+00  0.234090E+02  0.180407E+02
 0.226000E+01  0.399486E-01  0.511910E+00  0.237980E+02  0.183204E+02
 0.227000E+01  0.406132E-01  0.519860E+00  0.241933E+02  0.186040E+02
 0.228000E+01  0.412888E-01  0.527933E+00  0.245948E+02  0.188915E+02
 0.229000E+01  0.419756E-01  0.536130E+00  0.250026E+02  0.191831E+02
 0.230000E+01  0.426738E-01  0.544454E+00  0.254168E+02  0.194787E+02
 0.231000E+01  0.433836E-01  0.552907E+00  0.258376E+02  0.197784E+02
 0.232000E+01  0.441052E-01  0.561491E+00  0.262651E+02  0.200823E+02
 0.233000E+01  0.448387E-01  0.570207E+00  0.266992E+02  0.203904E+02
 0.234000E+01  0.455843E-01  0.579058E+00  0.271402E+02  0.207027E+02
 0.235000E+01  0.463423E-01  0.588046E+00  0.275882E+02  0.210194E+02
 0.236000E+01  0.471129E-01  0.597172E+00  0.280432E+02  0.213404E+02
 0.237000E+01  0.478961E-01  0.606440E+00  0.285053E+02  0.216658E+02
 0.238000E+01  0.486924E-01  0.615850E+00  0.289747E+02  0.219957E+02
 0.239000E+01  0.495018E-01  0.625406E+00  0.294514E+02  0.223301E+02
 0.240000E+01  0.503246E-01  0.635110E+00  0.299357E+02  0.226691E+02
 0.241000E+01  0.511610E-01  0.644963E+00  0.304275E+02  0.230127E+02
 0.242000E+01  0.520112E-01  0.654968E+00  0.309270E+02  0.233609E+02
 0.243000E+01  0.528754E-01  0.665128E+00  0.314344E+02  0.237139E+02
 0.244000E+01  0.537539E-01  0.675444E+00  0.319497E+02  0.240718E+02
 0.245000E+01  0.546469E-01  0.685920E+00  0.324730E+02  0.244344E+02
 0.246000E+01  0.555546E-01  0.696557E+00  0.330046E+02  0.248020E+02
 0.247000E+01  0.564773E-01  0.707358E+00  0.335444E+02  0.251745E+02
 0.248000E+01  0.574152E-01  0.718326E+00  0.340927E+02  0.255520E+02
 0.249000E+01  0.583686E-01  0.729463E+00  0.346495E+02  0.259346E+02
 0.250000E+01  0.593376E-01  0.740771E+00  0.352150E+02  0.263224E+02
 0.251000E+01  0.603226E-01  0.752254E+00  0.357893E+02  0.267153E+02
 0.252000E+01  0.613238E-01  0.763914E+00  0.363726E+02  0.271135E+02
 0.253000E+01  0.623414E-01  0.775753E+00  0.369649E+02  0.275171E+02
 0.254000E+01  0.633758E-01  0.787774E+00  0.375665E+02  0.279260E+02
 0.255000E+01  0.644272E-01  0.799981E+00  0.381774E+02  0.283403E+02
 0.256000E+01  0.654958E-01  0.812376E+00  0.387979E+02  0.287601E+02
 0.257000E+01  0.665820E-01  0.824961E+00  0.394279E+02  0.291855E+02
 0.258000E+01  0.676859E-01  0.837740E+00  0.400678E+02  0.296166E+02
 0.259000E+01  0.688080E-01  0.850716E+00  0.407176E+02  0.300533E+02
 0.260000E+01  0.699485E-01  0.863891E+00  0.413774E+02  0.304958E+02
 0.261000E+01  0.711076E-01  0.877269E+00  0.420476E+02  0.309441E+02
 0.262000E+01  0.722857E-01  0.890853E+00  0.427281E+02  0.313983E+02
 0.263000E+01  0.734831E-01  0.904645E+00  0.434191E+02  0.318585E+02
 0.264000E+01  0.747000E-01  0.918650E+00  0.441208E+02  0.323246E+02
 0.265000E+01  0.759369E-01  0.932869E+00  0.448334E+02  0.327969E+02
 0.266000E+01  0.771939E-01  0.947307E+00  0.455571E+02  0.332753E+02
 0.267000E+01  0.784714E-01  0.961966E+00  0.462919E+02  0.337600E+02
 0.268000E+01  0.797698E-01  0.976851E+00  0.470381E+02  0.342510E+02
 0.269000E+01  0.810893E-01  0.991964E+00  0.477958E+02  0.347483E+02
 0.270000E+01  0.824303E-01  0.100731E+01  0.485652E+02  0.352521E+02
 0.271000E+01  0.837931E-01  0.102289E+01  0.493466E+02  0.357624E+02
 0.272000E+01  0.851780E-01  0.103871E+01  0.501399E+02  0.362793E+02
 0.273000E+01  0.865855E-01  0.105477E+01  0.509455E+02  0.368028E+02
 0.274000E+01  0.880158E-01  0.107108E+01  0.517636E+02  0.373331E+02
 0.275000E+01  0.894693E-01  0.108764E+01  0.525942E+02  0.378702E+02
 0.276000E+01  0.909464E-01  0.110445E+01  0.534376E+02  0.384142E+02
 0.277000E+01  0.924474E-01  0.112151E+01  0.542941E+02  0.389652E+02
 0.278000E+01  0.939727E-01  0.113884E+01  0.551637E+02  0.395231E+02
 0.279000E+01  0.955226E-01  0.115644E+01  0.560467E+02  0.400883E+02
 0.280000E+01  0.970975E-01  0.117430E+01  0.569433E+02  0.406606E+02
 0.281000E+01  0.986978E-01  0.119244E+01  0.578537E+02  0.412402E+02
 0.282000E+01  0.100324E+00  0.121085E+01  0.587781E+02  0.418272E+02
 0.283000E+01  0.101976E+00  0.122955E+01  0.597167E+02  0.424216E+02
 0.284000E+01  0.103655E+00  0.124852E+01  0.606697E+02  0.430235E+02
 0.285000E+01  0.105361E+00  0.126779E+01  0.616373E+02  0.436331E+02
 0.286000E+01  0.107094E+00  0.128736E+01  0.626199E+02  0.442504E+02
 0.287000E+01  0.108855E+00  0.130722E+01  0.636175E+02  0.448754E+02
 0.288000E+01  0.110644E+00  0.132738E+01  0.646304E+02  0.455083E+02
 0.289000E+01  0.112461E+00  0.134785E+01  0.656588E+02  0.461492E+02
 0.290000E+01  0.114308E+00  0.136863E+01  0.667030E+02  0.467982E+02
 0.291000E+01  0.116184E+00  0.138973E+01  0.677633E+02  0.474553E+02
 0.292000E+01  0.118089E+00  0.141115E+01  0.688397E+02  0.481206E+02
 0.293000E+01  0.120025E+00  0.143289E+01  0.699327E+02  0.487943E+02
 0.294000E+01  0.121992E+00  0.145496E+01  0.710424E+02  0.494764E+02
 0.295000E+01  0.123989E+00  0.147737E+01  0.721691E+02  0.501670E+02
 0.296000E+01  0.126018E+00  0.150011E+01  0.733131E+02  0.508662E+02
 0.297000E+01  0.128079E+00  0.152320E+01  0.744746E+02  0.515742E+02
 0.298000E+01  0.130172E+00  0.154664E+01  0.756538E+02  0.522910E+02
 0.299000E+01  0.132298E+00  0.157043E+01  0.768511E+02  0.530167E+02
 0.300000E+01  0.134456E+00  0.159459E+01  0.780667E+02  0.537515E+02
 0.301000E+01  0.136649E+00  0.161910E+01  0.793009E+02  0.544954E+02
 0.302000E+01  0.138875E+00  0.164399E+01  0.805540E+02  0.552486E+02
 0.303000E+01  0.141135E+00  0.166924E+01  0.818262E+02  0.560111E+02
 0.304000E+01  0.143430E+00  0.169488E+01  0.831178E+02  0.567831E+02
 0.305000E+01  0.145761E+00  0.172090E+01  0.844292E+02  0.575647E+02
 0.306000E+01  0.148126E+00  0.174731E+01  0.857606E+02  0.583559E+02
 0.307000E+01  0.150528E+00  0.177412E+01  0.871124E+02  0.591571E+02
 0.308000E+01  0.152965E+00  0.180132E+01  0.884848E+02  0.599681E+02
 0.309000E+01  0.155439E+00  0.182893E+01  0.898781E+02  0.607893E+02
 0.310000E+01  0.157950E+00  0.185695E+01  0.912927E+02  0.616207E+02
 0.311000E+01  0.160498E+00  0.188539E+01  0.927289E+02  0.624624E+02
 0.312000E+01  0.163083E+00  0.191425E+01  0.941870E+02  0.633145E+02
 0.313000E+01  0.165706E+00  0.194353E+01  0.956674E+02  0.641773E+02
 0.314000E+01  0.168367E+00  0.197324E+01  0.971703E+02  0.650508E+02
 0.315000E+01  0.171066E+00  0.200339E+01  0.986962E+02  0.659353E+02
 0.316000E+01  0.173804E+00  0.203398E+01  0.100245E+03  0.668307E+02
 0.317000E+01  0.176580E+00  0.206502E+01  0.101818E+03  0.677374E+02
 0.318000E+01  0.179395E+00  0.209650E+01  0.103415E+03  0.686554E+02
 0.319000E+01  0.182250E+00  0.212845E+01  0.105036E+03  0.695850E+02
 0.320000E+01  0.185143E+00  0.216085E+01  0.106682E+03  0.705262E+02
 0.321000E+01  0.188077E+00  0.219372E+01  0.108353E+03  0.714793E+02
 0.322000E+01  0.191051E+00  0.222705E+01  0.110049E+03  0.724443E+02
 0.323000E+01  0.194066E+00  0.226086E+01  0.111772E+03  0.734216E+02
 0.324000E+01  0.197122E+00  0.229514E+01  0.113520E+03  0.744113E+02
 0.325000E+01  0.200221E+00  0.232990E+01  0.115295E+03  0.754135E+02
 0.326000E+01  0.203363E+00  0.236515E+01  0.117098E+03  0.764285E+02
 0.327000E+01  0.206551E+00  0.240088E+01  0.118928E+03  0.774565E+02
 0.328000E+01  0.209787E+00  0.243709E+01  0.120786E+03  0.784976E+02
 0.329000E+01  0.213073E+00  0.247379E+01  0.122672E+03  0.795520E+02
 0.330000E+01  0.216414E+00  0.251097E+01  0.124587E+03  0.806201E+02
 0.331000E+01  0.219816E+00  0.254864E+01  0.126532E+03  0.817019E+02
 0.332000E+01  0.223285E+00  0.258680E+01  0.128507E+03  0.827977E+02
 0.333000E+01  0.226832E+00  0.262543E+01  0.130511E+03  0.839077E+02
 0.334000E+01  0.230469E+00  0.266454E+01  0.132547E+03  0.850321E+02
 0.335000E+01  0.234213E+00  0.270412E+01  0.134615E+03  0.861712E+02
 0.336000E+01  0.238085E+00  0.274415E+01  0.136714E+03  0.873251E+02
 0.337000E+01  0.242115E+00  0.278464E+01  0.138846E+03  0.884940E+02
 0.338000E+01  0.246337E+00  0.282555E+01  0.141011E+03  0.896782E+02
 0.339000E+01  0.250799E+00  0.286688E+01  0.143211E+03  0.908779E+02
 0.340000E+01  0.255557E+00  0.290861E+01  0.145445E+03  0.920933E+02
 0.341000E+01  0.260685E+00  0.295070E+01  0.147715E+03  0.933246E+02
 0.342000E+01  0.266270E+00  0.299312E+01  0.150022E+03  0.945719E+02
 0.343000E+01  0.272419E+00  0.303583E+01  0.152366E+03  0.958356E+02
 0.344000E+01  0.279255E+00  0.307879E+01  0.154749E+03  0.971159E+02
 0.345000E+01  0.286914E+00  0.312194E+01  0.157173E+03  0.984131E+02
 0.346000E+01  0.295538E+00  0.316522E+01  0.159637E+03  0.997275E+02
 0.347000E+01  0.305256E+00  0.320858E+01  0.162145E+03  0.101060E+03
 0.348000E+01  0.316150E+00  0.325194E+01  0.164697E+03  0.102410E+03
 0.349000E+01  0.328209E+00  0.329527E+01  0.167295E+03  0.103780E+03
 0.350000E+01  0.341255E+00  0.333855E+01  0.169940E+03  0.105169E+03
 0.351000E+01  0.354866E+00  0.338181E+01  0.172635E+03  0.106580E+03
 0.352000E+01  0.368315E+00  0.342512E+01  0.175379E+03  0.108012E+03
 0.353000E+01  0.380593E+00  0.346860E+01  0.178175E+03  0.109468E+03
 0.354000E+01  0.390593E+00  0.351233E+01  0.181022E+03  0.110947E+03
 0.355000E+01  0.397463E+00  0.355621E+01  0.183923E+03  0.112451E+03
 0.356000E+01  0.400987E+00  0.359982E+01  0.186881E+03  0.113979E+03
 0.357000E+01  0.401734E+00  0.364233E+01  0.189902E+03  0.115532E+03
 0.358000E+01  0.400854E+00  0.368248E+01  0.192993E+03  0.117111E+03
 0.359000E+01  0.399669E+00  0.371854E+01  0.196166E+03  0.118718E+03
 0.360000E+01  0.399308E+00  0.374833E+01  0.199430E+03  0.120358E+03
 0.361000E+01  0.400532E+00  0.376899E+01  0.202799E+03  0.122035E+03
 0.362000E+01  0.403696E+00  0.377675E+01  0.206286E+03  0.123755E+03
 0.363000E+01  0.408777E+00  0.376680E+01  0.209906E+03  0.125525E+03
 0.364000E+01  0.415412E+00  0.373325E+01  0.213671E+03  0.127349E+03
 0.365000E+01  0.422963E+00  0.366963E+01  0.217592E+03  0.129234E+03
 0.366000E+01  0.430631E+00  0.356979E+01  0.221676E+03  0.131179E+03
 0.367000E+01  0.437619E+00  0.342901E+01  0.225922E+03  0.133185E+03
 0.368000E+01  0.443288E+00  0.324499E+01  0.230324E+03  0.135248E+03
 0.369000E+01  0.447247E+00  0.301801E+01  0.234874E+03  0.137364E+03
 0.370000E+01  0.449355E+00  0.275062E+01  0.239557E+03  0.139525E+03
 0.371000E+01  0.449668E+00  0.244672E+01  0.244360E+03  0.141727E+03
 0.372000E+01  0.448352E+00  0.211084E+01  0.249272E+03  0.143964E+03
 0.373000E+01  0.445619E+00  0.174750E+01  0.254281E+03  0.146231E+03
 0.374000E+01  0.441676E+00  0.136084E+01  0.259379E+03  0.148525E+03
 0.375000E+01  0.436700E+00  0.954541E+00  0.264558E+03  0.150843E+03
 0.376000E+01  0.430826E+00  0.531715E+00  0.269813E+03  0.153181E+03
 0.377000E+01  0.424139E+00  0.949834E-01  0.275140E+03  0.155538E+03
 0.378000E+01  0.416678E+00 -0.353477E+00  0.280536E+03  0.157912E+03
 0.379000E+01  0.408432E+00 -0.811868E+00  0.286000E+03  0.160302E+03
 0.380000E+01  0.399344E+00 -0.127871E+01  0.291530E+03  0.162708E+03
 0.381000E+01  0.389308E+00 -0.175276E+01  0.297125E+03  0.165128E+03
 0.382000E+01  0.378162E+00 -0.223300E+01  0.302788E+03  0.167562E+03
 0.383000E+01  0.365681E+00 -0.271856E+01  0.308518E+03  0.170010E+03
 0.384000E+01  0.351563E+00 -0.320867E+01  0.314316E+03  0.172472E+03
 0.385000E+01  0.335405E+00 -0.370262E+01  0.320186E+03  0.174947E+03
 0.386000E+01  0.316672E+00 -0.419974E+01  0.326129E+03  0.177435E+03
 0.387000E+01  0.294642E+00 -0.469927E+01  0.332148E+03  0.179938E+03
 0.388000E+01  0.268324E+00 -0.520033E+01  0.338249E+03  0.182455E+03
 0.389000E+01  0.236320E+00 -0.570173E+01  0.344435E+03  0.184988E+03
 0.390000E+01  0.196606E+00 -0.620180E+01  0.350715E+03  0.187537E+03
 0.391000E+01  0.146154E+00 -0.669791E+01  0.357097E+03  0.190104E+03
 0.392000E+01  0.803134E-01 -0.718570E+01  0.363596E+03  0.192693E+03
 0.393000E+01 -0.800243E-02 -0.765746E+01  0.370233E+03  0.195308E+03
 0.394000E+01 -0.127749E+00 -0.809886E+01  0.377038E+03  0.197956E+03
 0.395000E+01 -0.275422E+00 -0.848425E+01  0.384031E+03  0.200650E+03
 0.396000E+01 -0.365139E+00 -0.878233E+01  0.391088E+03  0.203405E+03
 0.397000E+01 -0.314159E+00 -0.899719E+01  0.398124E+03  0.206260E+03
 0.398000E+01 -0.237336E+00 -0.916972E+01  0.405404E+03  0.209205E+03
 0.399000E+01 -0.158341E+00 -0.931230E+01  0.412958E+03  0.212223E+03
 0.400000E+01 -0.795970E-01 -0.943255E+01  0.420760E+03  0.215298E+03
 0.401000E+01 -0.230338E-02 -0.953710E+01  0.428780E+03  0.218418E+03
 0.402000E+01  0.730185E-01 -0.963102E+01  0.436992E+03  0.221574E+03
 0.403000E+01  0.146253E+00 -0.971802E+01  0.445377E+03  0.224759E+03
 0.404000E+01  0.217487E+00 -0.980084E+01  0.453922E+03  0.227968E+03
 0.405000E+01  0.286890E+00 -0.988154E+01  0.462616E+03  0.231200E+03
 0.406000E+01  0.354666E+00 -0.996175E+01  0.471453E+03  0.234452E+03
 0.407000E+01  0.421027E+00 -0.100428E+02  0.480429E+03  0.237723E+03
 0.408000E+01  0.486180E+00 -0.101259E+02  0.489542E+03  0.241013E+03
 0.409000E+01  0.550334E+00 -0.102120E+02  0.498790E+03  0.244321E+03
 0.410000E+01  0.613687E+00 -0.103020E+02  0.508174E+03  0.247646E+03
 0.411000E+01  0.676437E+00 -0.103968E+02  0.517695E+03  0.250990E+03
 0.412000E+01  0.738777E+00 -0.104973E+02  0.527352E+03  0.254352E+03
 0.413000E+01  0.800896E+00 -0.106042E+02  0.537149E+03  0.257732E+03
 0.414000E+01  0.862979E+00 -0.107183E+02  0.547087E+03  0.261131E+03
 0.415000E+01  0.925210E+00 -0.108403E+02  0.557169E+03  0.264549E+03
 0.416000E+01  0.987768E+00 -0.109712E+02  0.567398E+03  0.267988E+03
 0.417000E+01  0.105083E+01 -0.111116E+02  0.577777E+03  0.271447E+03
 0.418000E+01  0.111457E+01 -0.112624E+02  0.588309E+03  0.274928E+03
 0.419000E+01  0.117915E+01 -0.114243E+02  0.598999E+03  0.278432E+03
 0.420000E+01  0.124475E+01 -0.115982E+02  0.609850E+03  0.281959E+03
 0.421000E+01  0.131151E+01 -0.117850E+02  0.620867E+03  0.285511E+03
 0.422000E+01  0.137961E+01 -0.119855E+02  0.632053E+03  0.289088E+03
 0.423000E+01  0.144919E+01 -0.122005E+02  0.643413E+03  0.292692E+03
 0.424000E+01  0.152041E+01 -0.124310E+02  0.654952E+03  0.296324E+03
 0.425000E+01  0.159340E+01 -0.126779E+02  0.666674E+03  0.299984E+03
 0.426000E+01  0.166831E+01 -0.129420E+02  0.678585E+03  0.303675E+03
 0.427000E+01  0.174526E+01 -0.132244E+02  0.690689E+03  0.307398E+03
 0.428000E+01  0.182440E+01 -0.135259E+02  0.702992E+03  0.311153E+03
 0.429000E+01  0.190583E+01 -0.138475E+02  0.715499E+03  0.314943E+03
 0.430000E+01  0.198969E+01 -0.141901E+02  0.728214E+03  0.318768E+03
 0.431000E+01  0.207607E+01 -0.145546E+02  0.741144E+03  0.322630E+03
 0.432000E+01  0.216509E+01 -0.149419E+02  0.754293E+03  0.326530E+03
 0.433000E+01  0.225684E+01 -0.153529E+02  0.767668E+03  0.330469E+03
 0.434000E+01  0.235143E+01 -0.157883E+02  0.781273E+03  0.334449E+03
 0.435000E+01  0.244893E+01 -0.162491E+02  0.795114E+03  0.338470E+03
 0.436000E+01  0.254944E+01 -0.167360E+02  0.809196E+03  0.342535E+03
 0.437000E+01  0.265301E+01 -0.172496E+02  0.823525E+03  0.346643E+03
 0.438000E+01  0.275974E+01 -0.177906E+02  0.838106E+03  0.350796E+03
 0.439000E+01  0.286968E+01 -0.183596E+02  0.852945E+03  0.354995E+03
 0.440000E+01  0.298290E+01 -0.189570E+02  0.868047E+03  0.359240E+03
 0.441000E+01  0.309945E+01 -0.195833E+02  0.883417E+03  0.363533E+03
 0.442000E+01  0.321939E+01 -0.202388E+02  0.899060E+03  0.367874E+03
 0.443000E+01  0.334276E+01 -0.209238E+02  0.914982E+03  0.372264E+03
 0.444000E+01  0.346963E+01 -0.216384E+02  0.931187E+03  0.376703E+03
 0.445000E+01  0.360002E+01 -0.223829E+02  0.947682E+03  0.381191E+03
 0.446000E+01  0.373401E+01 -0.231571E+02  0.964472E+03  0.385730E+03
 0.447000E+01  0.387162E+01 -0.239610E+02  0.981560E+03  0.390319E+03
 0.448000E+01  0.401290E+01 -0.247944E+02  0.998954E+03  0.394959E+03
 0.449000E+01  0.415792E+01 -0.256573E+02  0.101666E+04  0.399650E+03
 0.450000E+01  0.430671E+01 -0.265491E+02  0.103468E+04  0.404393E+03
 0.451000E+01  0.445933E+01 -0.274697E+02  0.105302E+04  0.409188E+03
 0.452000E+01  0.461584E+01 -0.284185E+02  0.107168E+04  0.414034E+03
 0.453000E+01  0.477630E+01 -0.293952E+02  0.109068E+04  0.418934E+03
 0.454000E+01  0.494077E+01 -0.303990E+02  0.111002E+04  0.423886E+03
 0.455000E+01  0.510934E+01 -0.314295E+02  0.112970E+04  0.428892E+03
 0.456000E+01  0.528206E+01 -0.324861E+02  0.114973E+04  0.433953E+03
 0.457000E+01  0.545903E+01 -0.335679E+02  0.117011E+04  0.439068E+03
 0.458000E+01  0.564033E+01 -0.346743E+02  0.119086E+04  0.444240E+03
 0.459000E+01  0.582606E+01 -0.358046E+02  0.121198E+04  0.449468E+03
 0.460000E+01  0.601632E+01 -0.369579E+02  0.123348E+04  0.454753E+03
 0.461000E+01  0.621121E+01 -0.381334E+02  0.125536E+04  0.460098E+03
 0.462000E+01  0.641085E+01 -0.393303E+02  0.127763E+04  0.465503E+03
 0.463000E+01  0.661536E+01 -0.405477E+02  0.130030E+04  0.470970E+03
 0.464000E+01  0.682486E+01 -0.417847E+02  0.132338E+04  0.476500E+03
 0.465000E+01  0.703947E+01 -0.430406E+02  0.134687E+04  0.482095E+03
 0.466000E+01  0.725934E+01 -0.443144E+02  0.137079E+04  0.487756E+03
 0.467000E+01  0.748460E+01 -0.456052E+02  0.139513E+04  0.493486E+03
 0.468000E+01  0.771539E+01 -0.469124E+02  0.141992E+04  0.499285E+03
 0.469000E+01  0.795186E+01 -0.482350E+02  0.144516E+04  0.505157E+03
 0.470000E+01  0.819414E+01 -0.495725E+02  0.147086E+04  0.511103E+03
 0.471000E+01  0.844239E+01 -0.509241E+02  0.149702E+04  0.517125E+03
 0.472000E+01  0.869674E+01 -0.522893E+02  0.152366E+04  0.523224E+03
 0.473000E+01  0.895734E+01 -0.536675E+02  0.155079E+04  0.529403E+03
 0.474000E+01  0.922433E+01 -0.550586E+02  0.157842E+04  0.535663E+03
 0.475000E+01  0.949785E+01 -0.564621E+02  0.160655E+04  0.542005E+03
 0.476000E+01  0.977802E+01 -0.578780E+02  0.163519E+04  0.548432E+03
 0.477000E+01  0.100650E+02 -0.593062E+02  0.166436E+04  0.554944E+03
 0.478000E+01  0.103588E+02 -0.607470E+02  0.169406E+04  0.561543E+03
 0.479000E+01  0.106597E+02 -0.622006E+02  0.172431E+04  0.568229E+03
 0.480000E+01  0.109678E+02 -0.636675E+02  0.175511E+04  0.575002E+03
 0.481000E+01  0.112831E+02 -0.651483E+02  0.178647E+04  0.581864E+03
 0.482000E+01  0.116057E+02 -0.666437E+02  0.181840E+04  0.588815E+03
 0.483000E+01  0.119359E+02 -0.681546E+02  0.185090E+04  0.595855E+03
 0.484000E+01  0.122735E+02 -0.696820E+02  0.188400E+04  0.602983E+03
 0.485000E+01  0.126189E+02 -0.712270E+02  0.191770E+04  0.610199E+03
 0.486000E+01  0.129720E+02 -0.727908E+02  0.195200E+04  0.617504E+03
 0.487000E+01  0.133330E+02 -0.743748E+02  0.198691E+04  0.624896E+03
 0.488000E+01  0.137019E+02 -0.759804E+02  0.202246E+04  0.632374E+03
 0.489000E+01  0.140790E+02 -0.776090E+02  0.205863E+04  0.639939E+03
 0.490000E+01  0.144642E+02 -0.792621E+02  0.209545E+04  0.647590E+03
 0.491000E+01  0.148577E+02 -0.809413E+02  0.213293E+04  0.655325E+03
 0.492000E+01  0.152596E+02 -0.826483E+02  0.217107E+04  0.663144E+03
 0.493000E+01  0.156701E+02 -0.843845E+02  0.220988E+04  0.671046E+03
 0.494000E+01  0.160893E+02 -0.861518E+02  0.224938E+04  0.679030E+03
 0.495000E+01  0.165172E+02 -0.879516E+02  0.228957E+04  0.687096E+03
 0.496000E+01  0.169542E+02 -0.897855E+02  0.233047E+04  0.695243E+03
 0.497000E+01  0.174003E+02 -0.916553E+02  0.237208E+04  0.703470E+03
 0.498000E+01  0.178557E+02 -0.935625E+02  0.241442E+04  0.711777E+03
 0.499000E+01  0.183205E+02 -0.955086E+02  0.245751E+04  0.720163E+03
 0.500000E+01  0.187951E+02 -0.974952E+02  0.250134E+04  0.728628E+03
