 0.2000000E-02  0.0000000E+00  0.7880826E-28
 0.4000000E-02  0.0000000E+00  0.7880826E-28
 0.6000000E-02  0.2164481E-15  0.7922541E-15
 0.8000000E-02  0.1725287E-13  0.6315976E-13
 0.1000000E-01  0.2716036E-12  0.9942802E-12
 0.1200000E-01  0.2061649E-11  0.7546694E-11
 0.1400000E-01  0.1026583E-10  0.3757403E-10
 0.1600000E-01  0.3878383E-10  0.1419323E-09
 0.1800000E-01  0.1205260E-09  0.4409958E-09
 0.2000000E-01  0.3237906E-09  0.1184481E-08
 0.2200000E-01  0.7770357E-09  0.2841852E-08
 0.2400000E-01  0.1704156E-08  0.6230945E-08
 0.2600000E-01  0.3472431E-08  0.1269256E-07
 0.2800000E-01  0.6655289E-08  0.2431874E-07
 0.3000000E-01  0.1211202E-07  0.4424219E-07
 0.3200000E-01  0.2108640E-07  0.7699383E-07
 0.3400000E-01  0.3532619E-07  0.1289351E-06
 0.3600000E-01  0.5722506E-07  0.2087704E-06
 0.3800000E-01  0.8998863E-07  0.3281452E-06
 0.4000000E-01  0.1378257E-06  0.5023335E-06
 0.4200000E-01  0.2061660E-06  0.7510172E-06
 0.4400000E-01  0.3019046E-06  0.1099160E-05
 0.4600000E-01  0.4336741E-06  0.1577977E-05
 0.4800000E-01  0.6121447E-06  0.2225998E-05
 0.5000000E-01  0.8503509E-06  0.3090224E-05
 0.5200000E-01  0.1164047E-05  0.4227374E-05
 0.5400000E-01  0.1572086E-05  0.5705221E-05
 0.5600000E-01  0.2096827E-05  0.7604002E-05
 0.5800000E-01  0.2764564E-05  0.1001791E-04
 0.6000000E-01  0.3605980E-05  0.1305666E-04
 0.6200000E-01  0.4656614E-05  0.1684708E-04
 0.6400000E-01  0.5957356E-05  0.2153481E-04
 0.6600000E-01  0.7554952E-05  0.2728597E-04
 0.6800000E-01  0.9502518E-05  0.3428893E-04
 0.7000000E-01  0.1186007E-04  0.4275603E-04
 0.7200000E-01  0.1469508E-04  0.5292535E-04
 0.7400000E-01  0.1808295E-04  0.6506243E-04
 0.7600000E-01  0.2210765E-04  0.7946203E-04
 0.7800000E-01  0.2686216E-04  0.9644976E-04
 0.8000000E-01  0.3244905E-04  0.1163838E-03
 0.8200000E-01  0.3898098E-04  0.1396562E-03
 0.8400000E-01  0.4658121E-04  0.1666949E-03
 0.8600000E-01  0.5538407E-04  0.1979645E-03
 0.8800000E-01  0.6553544E-04  0.2339679E-03
 0.9000000E-01  0.7719317E-04  0.2752476E-03
 0.9200000E-01  0.9052750E-04  0.3223861E-03
 0.9400000E-01  0.1057214E-03  0.3760076E-03
 0.9600000E-01  0.1229710E-03  0.4367781E-03
 0.9800000E-01  0.1424857E-03  0.5054061E-03
 0.1000000E+00  0.1644886E-03  0.5826432E-03
 0.1020000E+00  0.1892168E-03  0.6692841E-03
 0.1040000E+00  0.2169210E-03  0.7661663E-03
 0.1060000E+00  0.2478664E-03  0.8741703E-03
 0.1080000E+00  0.2823322E-03  0.9942191E-03
 0.1100000E+00  0.3206117E-03  0.1127277E-02
 0.1120000E+00  0.3630124E-03  0.1274350E-02
 0.1140000E+00  0.4098557E-03  0.1436483E-02
 0.1160000E+00  0.4614767E-03  0.1614758E-02
 0.1180000E+00  0.5182242E-03  0.1810298E-02
 0.1200000E+00  0.5804599E-03  0.2024255E-02
 0.1220000E+00  0.6485588E-03  0.2257819E-02
 0.1240000E+00  0.7229079E-03  0.2512208E-02
 0.1260000E+00  0.8039063E-03  0.2788669E-02
 0.1280000E+00  0.8919643E-03  0.3088475E-02
 0.1300000E+00  0.9875030E-03  0.3412919E-02
 0.1320000E+00  0.1090954E-02  0.3763316E-02
 0.1340000E+00  0.1202756E-02  0.4140997E-02
 0.1360000E+00  0.1323360E-02  0.4547306E-02
 0.1380000E+00  0.1453221E-02  0.4983593E-02
 0.1400000E+00  0.1592802E-02  0.5451217E-02
 0.1420000E+00  0.1742573E-02  0.5951537E-02
 0.1440000E+00  0.1903006E-02  0.6485909E-02
 0.1460000E+00  0.2074580E-02  0.7055682E-02
 0.1480000E+00  0.2257772E-02  0.7662195E-02
 0.1500000E+00  0.2453065E-02  0.8306771E-02
 0.1520000E+00  0.2660940E-02  0.8990713E-02
 0.1540000E+00  0.2881877E-02  0.9715300E-02
 0.1560000E+00  0.3116353E-02  0.1048178E-01
 0.1580000E+00  0.3364844E-02  0.1129138E-01
 0.1600000E+00  0.3627818E-02  0.1214526E-01
 0.1620000E+00  0.3905739E-02  0.1304458E-01
 0.1640000E+00  0.4199065E-02  0.1399041E-01
 0.1660000E+00  0.4508240E-02  0.1498381E-01
 0.1680000E+00  0.4833705E-02  0.1602575E-01
 0.1700000E+00  0.5175883E-02  0.1711716E-01
 0.1720000E+00  0.5535190E-02  0.1825891E-01
 0.1740000E+00  0.5912023E-02  0.1945178E-01
 0.1760000E+00  0.6306769E-02  0.2069652E-01
 0.1780000E+00  0.6719793E-02  0.2199376E-01
 0.1800000E+00  0.7151447E-02  0.2334408E-01
 0.1820000E+00  0.7602062E-02  0.2474797E-01
 0.1840000E+00  0.8071949E-02  0.2620584E-01
 0.1860000E+00  0.8561399E-02  0.2771802E-01
 0.1880000E+00  0.9070678E-02  0.2928474E-01
 0.1900000E+00  0.9600032E-02  0.3090613E-01
 0.1920000E+00  0.1014968E-01  0.3258225E-01
 0.1940000E+00  0.1071982E-01  0.3431305E-01
 0.1960000E+00  0.1131062E-01  0.3609838E-01
 0.1980000E+00  0.1192222E-01  0.3793801E-01
 0.2000000E+00  0.1255473E-01  0.3983160E-01
 0.2020000E+00  0.1320824E-01  0.4177870E-01
 0.2040000E+00  0.1388282E-01  0.4377877E-01
 0.2060000E+00  0.1457848E-01  0.4583119E-01
 0.2080000E+00  0.1529522E-01  0.4793520E-01
 0.2100000E+00  0.1603302E-01  0.5008997E-01
 0.2120000E+00  0.1679180E-01  0.5229456E-01
 0.2140000E+00  0.1757147E-01  0.5454794E-01
 0.2160000E+00  0.1837191E-01  0.5684898E-01
 0.2180000E+00  0.1919296E-01  0.5919646E-01
 0.2200000E+00  0.2003443E-01  0.6158906E-01
 0.2220000E+00  0.2089610E-01  0.6402537E-01
 0.2240000E+00  0.2177772E-01  0.6650389E-01
 0.2260000E+00  0.2267900E-01  0.6902306E-01
 0.2280000E+00  0.2359964E-01  0.7158120E-01
 0.2300000E+00  0.2453928E-01  0.7417657E-01
 0.2320000E+00  0.2549756E-01  0.7680736E-01
 0.2340000E+00  0.2647408E-01  0.7947168E-01
 0.2360000E+00  0.2746839E-01  0.8216756E-01
 0.2380000E+00  0.2848004E-01  0.8489299E-01
 0.2400000E+00  0.2950854E-01  0.8764589E-01
 0.2420000E+00  0.3055337E-01  0.9042410E-01
 0.2440000E+00  0.3161400E-01  0.9322544E-01
 0.2460000E+00  0.3268984E-01  0.9604767E-01
 0.2480000E+00  0.3378033E-01  0.9888850E-01
 0.2500000E+00  0.3488482E-01  0.1017456E+00
 0.2520000E+00  0.3600270E-01  0.1046166E+00
 0.2540000E+00  0.3713330E-01  0.1074992E+00
 0.2560000E+00  0.3827594E-01  0.1103909E+00
 0.2580000E+00  0.3942992E-01  0.1132893E+00
 0.2600000E+00  0.4059453E-01  0.1161920E+00
 0.2620000E+00  0.4176903E-01  0.1190965E+00
 0.2640000E+00  0.4295267E-01  0.1220003E+00
 0.2660000E+00  0.4414470E-01  0.1249010E+00
 0.2680000E+00  0.4534433E-01  0.1277962E+00
 0.2700000E+00  0.4655077E-01  0.1306833E+00
 0.2720000E+00  0.4776324E-01  0.1335600E+00
 0.2740000E+00  0.4898091E-01  0.1364239E+00
 0.2760000E+00  0.5020299E-01  0.1392725E+00
 0.2780000E+00  0.5142864E-01  0.1421035E+00
 0.2800000E+00  0.5265704E-01  0.1449146E+00
 0.2820000E+00  0.5388736E-01  0.1477035E+00
 0.2840000E+00  0.5511878E-01  0.1504679E+00
 0.2860000E+00  0.5635045E-01  0.1532056E+00
 0.2880000E+00  0.5758155E-01  0.1559144E+00
 0.2900000E+00  0.5881124E-01  0.1585924E+00
 0.2920000E+00  0.6003870E-01  0.1612372E+00
 0.2940000E+00  0.6126311E-01  0.1638471E+00
 0.2960000E+00  0.6248365E-01  0.1664200E+00
 0.2980000E+00  0.6369951E-01  0.1689541E+00
 0.3000000E+00  0.6490989E-01  0.1714476E+00
 0.3020000E+00  0.6611399E-01  0.1738986E+00
 0.3040000E+00  0.6731103E-01  0.1763056E+00
 0.3060000E+00  0.6850024E-01  0.1786670E+00
 0.3080000E+00  0.6968086E-01  0.1809811E+00
 0.3100000E+00  0.7085214E-01  0.1832466E+00
 0.3120000E+00  0.7201336E-01  0.1854621E+00
 0.3140000E+00  0.7316380E-01  0.1876263E+00
 0.3160000E+00  0.7430276E-01  0.1897380E+00
 0.3180000E+00  0.7542956E-01  0.1917959E+00
 0.3200000E+00  0.7654352E-01  0.1937992E+00
 0.3220000E+00  0.7764402E-01  0.1957468E+00
 0.3240000E+00  0.7873042E-01  0.1976379E+00
 0.3260000E+00  0.7980211E-01  0.1994715E+00
 0.3280000E+00  0.8085852E-01  0.2012470E+00
 0.3300000E+00  0.8189907E-01  0.2029638E+00
 0.3320000E+00  0.8292322E-01  0.2046212E+00
 0.3340000E+00  0.8393046E-01  0.2062188E+00
 0.3360000E+00  0.8492029E-01  0.2077562E+00
 0.3380000E+00  0.8589223E-01  0.2092331E+00
 0.3400000E+00  0.8684583E-01  0.2106492E+00
 0.3420000E+00  0.8778066E-01  0.2120043E+00
 0.3440000E+00  0.8869633E-01  0.2132984E+00
 0.3460000E+00  0.8959245E-01  0.2145314E+00
 0.3480000E+00  0.9046867E-01  0.2157034E+00
 0.3500000E+00  0.9132466E-01  0.2168144E+00
 0.3520000E+00  0.9216011E-01  0.2178648E+00
 0.3540000E+00  0.9297473E-01  0.2188547E+00
 0.3560000E+00  0.9376828E-01  0.2197845E+00
 0.3580000E+00  0.9454051E-01  0.2206545E+00
 0.3600000E+00  0.9529123E-01  0.2214652E+00
 0.3620000E+00  0.9602023E-01  0.2222172E+00
 0.3640000E+00  0.9672737E-01  0.2229109E+00
 0.3660000E+00  0.9741250E-01  0.2235470E+00
 0.3680000E+00  0.9807550E-01  0.2241262E+00
 0.3700000E+00  0.9871630E-01  0.2246491E+00
 0.3720000E+00  0.9933481E-01  0.2251166E+00
 0.3740000E+00  0.9993099E-01  0.2255295E+00
 0.3760000E+00  0.1005048E+00  0.2258887E+00
 0.3780000E+00  0.1010563E+00  0.2261949E+00
 0.3800000E+00  0.1015854E+00  0.2264492E+00
 0.3820000E+00  0.1020922E+00  0.2266526E+00
 0.3840000E+00  0.1025768E+00  0.2268060E+00
 0.3860000E+00  0.1030392E+00  0.2269104E+00
 0.3880000E+00  0.1034795E+00  0.2269671E+00
 0.3900000E+00  0.1038979E+00  0.2269769E+00
 0.3920000E+00  0.1042945E+00  0.2269412E+00
 0.3940000E+00  0.1046694E+00  0.2268609E+00
 0.3960000E+00  0.1050227E+00  0.2267373E+00
 0.3980000E+00  0.1053548E+00  0.2265715E+00
 0.4000000E+00  0.1056657E+00  0.2263647E+00
 0.4020000E+00  0.1059558E+00  0.2261182E+00
 0.4040000E+00  0.1062251E+00  0.2258332E+00
 0.4060000E+00  0.1064741E+00  0.2255108E+00
 0.4080000E+00  0.1067028E+00  0.2251523E+00
 0.4100000E+00  0.1069116E+00  0.2247590E+00
 0.4120000E+00  0.1071008E+00  0.2243321E+00
 0.4140000E+00  0.1072707E+00  0.2238728E+00
 0.4160000E+00  0.1074215E+00  0.2233825E+00
 0.4180000E+00  0.1075537E+00  0.2228622E+00
 0.4200000E+00  0.1076674E+00  0.2223133E+00
 0.4220000E+00  0.1077630E+00  0.2217371E+00
 0.4240000E+00  0.1078409E+00  0.2211347E+00
 0.4260000E+00  0.1079015E+00  0.2205073E+00
 0.4280000E+00  0.1079450E+00  0.2198563E+00
 0.4300000E+00  0.1079718E+00  0.2191827E+00
 0.4320000E+00  0.1079824E+00  0.2184878E+00
 0.4340000E+00  0.1079770E+00  0.2177728E+00
 0.4360000E+00  0.1079561E+00  0.2170388E+00
 0.4380000E+00  0.1079200E+00  0.2162871E+00
 0.4400000E+00  0.1078691E+00  0.2155186E+00
 0.4420000E+00  0.1078038E+00  0.2147347E+00
 0.4440000E+00  0.1077246E+00  0.2139363E+00
 0.4460000E+00  0.1076317E+00  0.2131246E+00
 0.4480000E+00  0.1075255E+00  0.2123006E+00
 0.4500000E+00  0.1074066E+00  0.2114654E+00
 0.4520000E+00  0.1072753E+00  0.2106201E+00
 0.4540000E+00  0.1071319E+00  0.2097656E+00
 0.4560000E+00  0.1069769E+00  0.2089029E+00
 0.4580000E+00  0.1068106E+00  0.2080331E+00
 0.4600000E+00  0.1066336E+00  0.2071570E+00
 0.4620000E+00  0.1064461E+00  0.2062757E+00
 0.4640000E+00  0.1062485E+00  0.2053900E+00
 0.4660000E+00  0.1060413E+00  0.2045008E+00
 0.4680000E+00  0.1058248E+00  0.2036091E+00
 0.4700000E+00  0.1055995E+00  0.2027155E+00
 0.4720000E+00  0.1053656E+00  0.2018210E+00
 0.4740000E+00  0.1051236E+00  0.2009264E+00
 0.4760000E+00  0.1048739E+00  0.2000325E+00
 0.4780000E+00  0.1046169E+00  0.1991400E+00
 0.4800000E+00  0.1043528E+00  0.1982496E+00
 0.4820000E+00  0.1040821E+00  0.1973621E+00
 0.4840000E+00  0.1038052E+00  0.1964782E+00
 0.4860000E+00  0.1035224E+00  0.1955986E+00
 0.4880000E+00  0.1032339E+00  0.1947238E+00
 0.4900000E+00  0.1029403E+00  0.1938546E+00
 0.4920000E+00  0.1026418E+00  0.1929915E+00
 0.4940000E+00  0.1023388E+00  0.1921352E+00
 0.4960000E+00  0.1020316E+00  0.1912862E+00
 0.4980000E+00  0.1017205E+00  0.1904451E+00
 0.5000000E+00  0.1014059E+00  0.1896124E+00
 0.5020000E+00  0.1010880E+00  0.1887886E+00
 0.5040000E+00  0.1007672E+00  0.1879742E+00
 0.5060000E+00  0.1004438E+00  0.1871697E+00
 0.5080000E+00  0.1001180E+00  0.1863756E+00
 0.5100000E+00  0.9979026E-01  0.1855922E+00
 0.5120000E+00  0.9946072E-01  0.1848201E+00
 0.5140000E+00  0.9912972E-01  0.1840595E+00
 0.5160000E+00  0.9879751E-01  0.1833110E+00
 0.5180000E+00  0.9846438E-01  0.1825749E+00
 0.5200000E+00  0.9813058E-01  0.1818515E+00
 0.5220000E+00  0.9779636E-01  0.1811412E+00
 0.5240000E+00  0.9746198E-01  0.1804443E+00
 0.5260000E+00  0.9712768E-01  0.1797611E+00
 0.5280000E+00  0.9679369E-01  0.1790919E+00
 0.5300000E+00  0.9646024E-01  0.1784371E+00
 0.5320000E+00  0.9612756E-01  0.1777968E+00
 0.5340000E+00  0.9579587E-01  0.1771714E+00
 0.5360000E+00  0.9546538E-01  0.1765610E+00
 0.5380000E+00  0.9513630E-01  0.1759659E+00
 0.5400000E+00  0.9480883E-01  0.1753864E+00
 0.5420000E+00  0.9448316E-01  0.1748226E+00
 0.5440000E+00  0.9415948E-01  0.1742748E+00
 0.5460000E+00  0.9383797E-01  0.1737430E+00
 0.5480000E+00  0.9351883E-01  0.1732276E+00
 0.5500000E+00  0.9320220E-01  0.1727287E+00
 0.5520000E+00  0.9288827E-01  0.1722464E+00
 0.5540000E+00  0.9257720E-01  0.1717808E+00
 0.5560000E+00  0.9226914E-01  0.1713322E+00
 0.5580000E+00  0.9196424E-01  0.1709007E+00
 0.5600000E+00  0.9166266E-01  0.1704863E+00
 0.5620000E+00  0.9136452E-01  0.1700892E+00
 0.5640000E+00  0.9106997E-01  0.1697095E+00
 0.5660000E+00  0.9077914E-01  0.1693473E+00
 0.5680000E+00  0.9049215E-01  0.1690027E+00
 0.5700000E+00  0.9020913E-01  0.1686757E+00
 0.5720000E+00  0.8993020E-01  0.1683665E+00
 0.5740000E+00  0.8965546E-01  0.1680752E+00
 0.5760000E+00  0.8938503E-01  0.1678017E+00
 0.5780000E+00  0.8911901E-01  0.1675462E+00
 0.5800000E+00  0.8885750E-01  0.1673088E+00
 0.5820000E+00  0.8860060E-01  0.1670894E+00
 0.5840000E+00  0.8834839E-01  0.1668881E+00
 0.5860000E+00  0.8810098E-01  0.1667049E+00
 0.5880000E+00  0.8785843E-01  0.1665400E+00
 0.5900000E+00  0.8762084E-01  0.1663933E+00
 0.5920000E+00  0.8738827E-01  0.1662648E+00
 0.5940000E+00  0.8716081E-01  0.1661546E+00
 0.5960000E+00  0.8693852E-01  0.1660627E+00
 0.5980000E+00  0.8672147E-01  0.1659891E+00
 0.6000000E+00  0.8650972E-01  0.1659339E+00
 0.6020000E+00  0.8630334E-01  0.1658970E+00
 0.6040000E+00  0.8610237E-01  0.1658785E+00
 0.6060000E+00  0.8590688E-01  0.1658783E+00
 0.6080000E+00  0.8571692E-01  0.1658964E+00
 0.6100000E+00  0.8553253E-01  0.1659329E+00
 0.6120000E+00  0.8535377E-01  0.1659878E+00
 0.6140000E+00  0.8518066E-01  0.1660610E+00
 0.6160000E+00  0.8501327E-01  0.1661525E+00
 0.6180000E+00  0.8485161E-01  0.1662624E+00
 0.6200000E+00  0.8469573E-01  0.1663905E+00
 0.6220000E+00  0.8454567E-01  0.1665370E+00
 0.6240000E+00  0.8440145E-01  0.1667017E+00
 0.6260000E+00  0.8426309E-01  0.1668846E+00
 0.6280000E+00  0.8413064E-01  0.1670858E+00
 0.6300000E+00  0.8400411E-01  0.1673052E+00
 0.6320000E+00  0.8388353E-01  0.1675428E+00
 0.6340000E+00  0.8376891E-01  0.1677985E+00
 0.6360000E+00  0.8366028E-01  0.1680723E+00
 0.6380000E+00  0.8355765E-01  0.1683642E+00
 0.6400000E+00  0.8346103E-01  0.1686741E+00
 0.6420000E+00  0.8337045E-01  0.1690021E+00
 0.6440000E+00  0.8328591E-01  0.1693480E+00
 0.6460000E+00  0.8320743E-01  0.1697118E+00
 0.6480000E+00  0.8313500E-01  0.1700936E+00
 0.6500000E+00  0.8306865E-01  0.1704931E+00
 0.6520000E+00  0.8300836E-01  0.1709105E+00
 0.6540000E+00  0.8295416E-01  0.1713456E+00
 0.6560000E+00  0.8290604E-01  0.1717984E+00
 0.6580000E+00  0.8286401E-01  0.1722689E+00
 0.6600000E+00  0.8282806E-01  0.1727570E+00
 0.6620000E+00  0.8279819E-01  0.1732626E+00
 0.6640000E+00  0.8277440E-01  0.1737857E+00
 0.6660000E+00  0.8275669E-01  0.1743261E+00
 0.6680000E+00  0.8274505E-01  0.1748840E+00
 0.6700000E+00  0.8273949E-01  0.1754592E+00
 0.6720000E+00  0.8273998E-01  0.1760515E+00
 0.6740000E+00  0.8274653E-01  0.1766611E+00
 0.6760000E+00  0.8275912E-01  0.1772877E+00
 0.6780000E+00  0.8277775E-01  0.1779314E+00
 0.6800000E+00  0.8280240E-01  0.1785920E+00
 0.6820000E+00  0.8283307E-01  0.1792694E+00
 0.6840000E+00  0.8286974E-01  0.1799637E+00
 0.6860000E+00  0.8291239E-01  0.1806747E+00
 0.6880000E+00  0.8296102E-01  0.1814022E+00
 0.6900000E+00  0.8301561E-01  0.1821464E+00
 0.6920000E+00  0.8307614E-01  0.1829069E+00
 0.6940000E+00  0.8314260E-01  0.1836838E+00
 0.6960000E+00  0.8321497E-01  0.1844770E+00
 0.6980000E+00  0.8329322E-01  0.1852863E+00
 0.7000000E+00  0.8337735E-01  0.1861117E+00
 0.7020000E+00  0.8346733E-01  0.1869531E+00
 0.7040000E+00  0.8356314E-01  0.1878103E+00
 0.7060000E+00  0.8366476E-01  0.1886833E+00
 0.7080000E+00  0.8377216E-01  0.1895719E+00
 0.7100000E+00  0.8388533E-01  0.1904760E+00
 0.7120000E+00  0.8400424E-01  0.1913955E+00
 0.7140000E+00  0.8412886E-01  0.1923303E+00
 0.7160000E+00  0.8425918E-01  0.1932802E+00
 0.7180000E+00  0.8439516E-01  0.1942452E+00
 0.7200000E+00  0.8453678E-01  0.1952250E+00
 0.7220000E+00  0.8468401E-01  0.1962196E+00
 0.7240000E+00  0.8483683E-01  0.1972289E+00
 0.7260000E+00  0.8499520E-01  0.1982526E+00
 0.7280000E+00  0.8515910E-01  0.1992907E+00
 0.7300000E+00  0.8532850E-01  0.2003430E+00
 0.7320000E+00  0.8550336E-01  0.2014093E+00
 0.7340000E+00  0.8568365E-01  0.2024895E+00
 0.7360000E+00  0.8586935E-01  0.2035834E+00
 0.7380000E+00  0.8606042E-01  0.2046909E+00
 0.7400000E+00  0.8625682E-01  0.2058118E+00
 0.7420000E+00  0.8645853E-01  0.2069459E+00
 0.7440000E+00  0.8666550E-01  0.2080930E+00
 0.7460000E+00  0.8687771E-01  0.2092531E+00
 0.7480000E+00  0.8709511E-01  0.2104258E+00
 0.7500000E+00  0.8731767E-01  0.2116111E+00
 0.7520000E+00  0.8754535E-01  0.2128087E+00
 0.7540000E+00  0.8777812E-01  0.2140184E+00
 0.7560000E+00  0.8801593E-01  0.2152401E+00
 0.7580000E+00  0.8825874E-01  0.2164735E+00
 0.7600000E+00  0.8850652E-01  0.2177185E+00
 0.7620000E+00  0.8875922E-01  0.2189748E+00
 0.7640000E+00  0.8901680E-01  0.2202422E+00
 0.7660000E+00  0.8927923E-01  0.2215205E+00
 0.7680000E+00  0.8954644E-01  0.2228096E+00
 0.7700000E+00  0.8981841E-01  0.2241091E+00
 0.7720000E+00  0.9009508E-01  0.2254188E+00
 0.7740000E+00  0.9037642E-01  0.2267386E+00
 0.7760000E+00  0.9066237E-01  0.2280681E+00
 0.7780000E+00  0.9095288E-01  0.2294072E+00
 0.7800000E+00  0.9124792E-01  0.2307556E+00
 0.7820000E+00  0.9154743E-01  0.2321131E+00
 0.7840000E+00  0.9185136E-01  0.2334794E+00
 0.7860000E+00  0.9215966E-01  0.2348542E+00
 0.7880000E+00  0.9247228E-01  0.2362374E+00
 0.7900000E+00  0.9278918E-01  0.2376287E+00
 0.7920000E+00  0.9311029E-01  0.2390277E+00
 0.7940000E+00  0.9343556E-01  0.2404343E+00
 0.7960000E+00  0.9376495E-01  0.2418482E+00
 0.7980000E+00  0.9409839E-01  0.2432691E+00
 0.8000000E+00  0.9443583E-01  0.2446967E+00
 0.8020000E+00  0.9477721E-01  0.2461308E+00
 0.8040000E+00  0.9512249E-01  0.2475711E+00
 0.8060000E+00  0.9547159E-01  0.2490173E+00
 0.8080000E+00  0.9582447E-01  0.2504691E+00
 0.8100000E+00  0.9618105E-01  0.2519263E+00
 0.8120000E+00  0.9654129E-01  0.2533885E+00
 0.8140000E+00  0.9690512E-01  0.2548555E+00
 0.8160000E+00  0.9727249E-01  0.2563270E+00
 0.8180000E+00  0.9764332E-01  0.2578026E+00
 0.8200000E+00  0.9801756E-01  0.2592822E+00
 0.8220000E+00  0.9839514E-01  0.2607653E+00
 0.8240000E+00  0.9877599E-01  0.2622517E+00
 0.8260000E+00  0.9916006E-01  0.2637412E+00
 0.8280000E+00  0.9954728E-01  0.2652333E+00
 0.8300000E+00  0.9993758E-01  0.2667278E+00
 0.8320000E+00  0.1003309E+00  0.2682243E+00
 0.8340000E+00  0.1007271E+00  0.2697227E+00
 0.8360000E+00  0.1011263E+00  0.2712225E+00
 0.8380000E+00  0.1015282E+00  0.2727235E+00
 0.8400000E+00  0.1019329E+00  0.2742253E+00
 0.8420000E+00  0.1023403E+00  0.2757277E+00
 0.8440000E+00  0.1027502E+00  0.2772303E+00
 0.8460000E+00  0.1031627E+00  0.2787328E+00
 0.8480000E+00  0.1035776E+00  0.2802350E+00
 0.8500000E+00  0.1039949E+00  0.2817364E+00
 0.8520000E+00  0.1044145E+00  0.2832369E+00
 0.8540000E+00  0.1048364E+00  0.2847360E+00
 0.8560000E+00  0.1052604E+00  0.2862335E+00
 0.8580000E+00  0.1056865E+00  0.2877291E+00
 0.8600000E+00  0.1061146E+00  0.2892224E+00
 0.8620000E+00  0.1065446E+00  0.2907132E+00
 0.8640000E+00  0.1069765E+00  0.2922011E+00
 0.8660000E+00  0.1074101E+00  0.2936859E+00
 0.8680000E+00  0.1078455E+00  0.2951672E+00
 0.8700000E+00  0.1082825E+00  0.2966447E+00
 0.8720000E+00  0.1087210E+00  0.2981182E+00
 0.8740000E+00  0.1091610E+00  0.2995873E+00
 0.8760000E+00  0.1096023E+00  0.3010517E+00
 0.8780000E+00  0.1100450E+00  0.3025111E+00
 0.8800000E+00  0.1104889E+00  0.3039653E+00
 0.8820000E+00  0.1109340E+00  0.3054139E+00
 0.8840000E+00  0.1113801E+00  0.3068567E+00
 0.8860000E+00  0.1118272E+00  0.3082934E+00
 0.8880000E+00  0.1122752E+00  0.3097236E+00
 0.8900000E+00  0.1127240E+00  0.3111472E+00
 0.8920000E+00  0.1131736E+00  0.3125638E+00
 0.8940000E+00  0.1136238E+00  0.3139731E+00
 0.8960000E+00  0.1140746E+00  0.3153749E+00
 0.8980000E+00  0.1145259E+00  0.3167689E+00
 0.9000000E+00  0.1149776E+00  0.3181549E+00
 0.9020000E+00  0.1154296E+00  0.3195325E+00
 0.9040000E+00  0.1158819E+00  0.3209016E+00
 0.9060000E+00  0.1163344E+00  0.3222618E+00
 0.9080000E+00  0.1167869E+00  0.3236130E+00
 0.9100000E+00  0.1172395E+00  0.3249548E+00
 0.9120000E+00  0.1176919E+00  0.3262871E+00
 0.9140000E+00  0.1181442E+00  0.3276095E+00
 0.9160000E+00  0.1185963E+00  0.3289219E+00
 0.9180000E+00  0.1190480E+00  0.3302240E+00
 0.9200000E+00  0.1194993E+00  0.3315157E+00
 0.9220000E+00  0.1199502E+00  0.3327966E+00
 0.9240000E+00  0.1204004E+00  0.3340665E+00
 0.9260000E+00  0.1208500E+00  0.3353254E+00
 0.9280000E+00  0.1212989E+00  0.3365728E+00
 0.9300000E+00  0.1217470E+00  0.3378088E+00
 0.9320000E+00  0.1221941E+00  0.3390329E+00
 0.9340000E+00  0.1226403E+00  0.3402452E+00
 0.9360000E+00  0.1230855E+00  0.3414453E+00
 0.9380000E+00  0.1235295E+00  0.3426331E+00
 0.9400000E+00  0.1239723E+00  0.3438084E+00
 0.9420000E+00  0.1244138E+00  0.3449711E+00
 0.9440000E+00  0.1248540E+00  0.3461210E+00
 0.9460000E+00  0.1252927E+00  0.3472579E+00
 0.9480000E+00  0.1257299E+00  0.3483817E+00
 0.9500000E+00  0.1261655E+00  0.3494922E+00
 0.9520000E+00  0.1265994E+00  0.3505893E+00
 0.9540000E+00  0.1270316E+00  0.3516728E+00
 0.9560000E+00  0.1274620E+00  0.3527427E+00
 0.9580000E+00  0.1278904E+00  0.3537988E+00
 0.9600000E+00  0.1283169E+00  0.3548410E+00
 0.9620000E+00  0.1287414E+00  0.3558691E+00
 0.9640000E+00  0.1291637E+00  0.3568831E+00
 0.9660000E+00  0.1295839E+00  0.3578829E+00
 0.9680000E+00  0.1300018E+00  0.3588683E+00
 0.9700000E+00  0.1304175E+00  0.3598394E+00
 0.9720000E+00  0.1308307E+00  0.3607959E+00
 0.9740000E+00  0.1312414E+00  0.3617378E+00
 0.9760000E+00  0.1316497E+00  0.3626651E+00
 0.9780000E+00  0.1320553E+00  0.3635777E+00
 0.9800000E+00  0.1324584E+00  0.3644756E+00
 0.9820000E+00  0.1328587E+00  0.3653585E+00
 0.9840000E+00  0.1332562E+00  0.3662267E+00
 0.9860000E+00  0.1336509E+00  0.3670799E+00
 0.9880000E+00  0.1340426E+00  0.3679181E+00
 0.9900000E+00  0.1344315E+00  0.3687414E+00
 0.9920000E+00  0.1348173E+00  0.3695497E+00
 0.9940000E+00  0.1352000E+00  0.3703429E+00
 0.9960000E+00  0.1355796E+00  0.3711212E+00
 0.9980000E+00  0.1359561E+00  0.3718843E+00
 0.1000000E+01  0.1363292E+00  0.3726325E+00
 0.1002000E+01  0.1366991E+00  0.3733656E+00
 0.1004000E+01  0.1370657E+00  0.3740837E+00
 0.1006000E+01  0.1374289E+00  0.3747867E+00
 0.1008000E+01  0.1377886E+00  0.3754748E+00
 0.1010000E+01  0.1381448E+00  0.3761479E+00
 0.1012000E+01  0.1384975E+00  0.3768060E+00
 0.1014000E+01  0.1388466E+00  0.3774493E+00
 0.1016000E+01  0.1391921E+00  0.3780777E+00
 0.1018000E+01  0.1395339E+00  0.3786913E+00
 0.1020000E+01  0.1398719E+00  0.3792901E+00
 0.1022000E+01  0.1402063E+00  0.3798742E+00
 0.1024000E+01  0.1405368E+00  0.3804437E+00
 0.1026000E+01  0.1408635E+00  0.3809986E+00
 0.1028000E+01  0.1411864E+00  0.3815390E+00
 0.1030000E+01  0.1415053E+00  0.3820649E+00
 0.1032000E+01  0.1418203E+00  0.3825765E+00
 0.1034000E+01  0.1421314E+00  0.3830739E+00
 0.1036000E+01  0.1424384E+00  0.3835570E+00
 0.1038000E+01  0.1427414E+00  0.3840261E+00
 0.1040000E+01  0.1430403E+00  0.3844811E+00
 0.1042000E+01  0.1433352E+00  0.3849223E+00
 0.1044000E+01  0.1436259E+00  0.3853497E+00
 0.1046000E+01  0.1439125E+00  0.3857634E+00
 0.1048000E+01  0.1441949E+00  0.3861635E+00
 0.1050000E+01  0.1444732E+00  0.3865502E+00
 0.1052000E+01  0.1447472E+00  0.3869235E+00
 0.1054000E+01  0.1450171E+00  0.3872837E+00
 0.1056000E+01  0.1452826E+00  0.3876307E+00
 0.1058000E+01  0.1455439E+00  0.3879648E+00
 0.1060000E+01  0.1458010E+00  0.3882861E+00
 0.1062000E+01  0.1460537E+00  0.3885947E+00
 0.1064000E+01  0.1463022E+00  0.3888907E+00
 0.1066000E+01  0.1465463E+00  0.3891744E+00
 0.1068000E+01  0.1467862E+00  0.3894457E+00
 0.1070000E+01  0.1470216E+00  0.3897050E+00
 0.1072000E+01  0.1472528E+00  0.3899523E+00
 0.1074000E+01  0.1474796E+00  0.3901877E+00
 0.1076000E+01  0.1477020E+00  0.3904115E+00
 0.1078000E+01  0.1479201E+00  0.3906239E+00
 0.1080000E+01  0.1481339E+00  0.3908248E+00
 0.1082000E+01  0.1483432E+00  0.3910146E+00
 0.1084000E+01  0.1485483E+00  0.3911933E+00
 0.1086000E+01  0.1487489E+00  0.3913612E+00
 0.1088000E+01  0.1489452E+00  0.3915184E+00
 0.1090000E+01  0.1491372E+00  0.3916651E+00
 0.1092000E+01  0.1493248E+00  0.3918014E+00
 0.1094000E+01  0.1495081E+00  0.3919276E+00
 0.1096000E+01  0.1496871E+00  0.3920437E+00
 0.1098000E+01  0.1498617E+00  0.3921500E+00
 0.1100000E+01  0.1500320E+00  0.3922466E+00
 0.1102000E+01  0.1501980E+00  0.3923337E+00
 0.1104000E+01  0.1503598E+00  0.3924116E+00
 0.1106000E+01  0.1505172E+00  0.3924802E+00
 0.1108000E+01  0.1506704E+00  0.3925400E+00
 0.1110000E+01  0.1508194E+00  0.3925909E+00
 0.1112000E+01  0.1509641E+00  0.3926333E+00
 0.1114000E+01  0.1511046E+00  0.3926672E+00
 0.1116000E+01  0.1512409E+00  0.3926929E+00
 0.1118000E+01  0.1513731E+00  0.3927105E+00
 0.1120000E+01  0.1515011E+00  0.3927202E+00
 0.1122000E+01  0.1516249E+00  0.3927223E+00
 0.1124000E+01  0.1517447E+00  0.3927168E+00
 0.1126000E+01  0.1518604E+00  0.3927040E+00
 0.1128000E+01  0.1519720E+00  0.3926841E+00
 0.1130000E+01  0.1520795E+00  0.3926571E+00
 0.1132000E+01  0.1521831E+00  0.3926234E+00
 0.1134000E+01  0.1522827E+00  0.3925831E+00
 0.1136000E+01  0.1523783E+00  0.3925363E+00
 0.1138000E+01  0.1524700E+00  0.3924833E+00
 0.1140000E+01  0.1525579E+00  0.3924242E+00
 0.1142000E+01  0.1526418E+00  0.3923592E+00
 0.1144000E+01  0.1527219E+00  0.3922885E+00
 0.1146000E+01  0.1527982E+00  0.3922123E+00
 0.1148000E+01  0.1528708E+00  0.3921307E+00
 0.1150000E+01  0.1529396E+00  0.3920439E+00
 0.1152000E+01  0.1530047E+00  0.3919520E+00
 0.1154000E+01  0.1530661E+00  0.3918554E+00
 0.1156000E+01  0.1531240E+00  0.3917541E+00
 0.1158000E+01  0.1531782E+00  0.3916483E+00
 0.1160000E+01  0.1532288E+00  0.3915381E+00
 0.1162000E+01  0.1532760E+00  0.3914238E+00
 0.1164000E+01  0.1533196E+00  0.3913055E+00
 0.1166000E+01  0.1533599E+00  0.3911834E+00
 0.1168000E+01  0.1533967E+00  0.3910576E+00
 0.1170000E+01  0.1534301E+00  0.3909284E+00
 0.1172000E+01  0.1534602E+00  0.3907958E+00
 0.1174000E+01  0.1534871E+00  0.3906600E+00
 0.1176000E+01  0.1535106E+00  0.3905213E+00
 0.1178000E+01  0.1535310E+00  0.3903796E+00
 0.1180000E+01  0.1535483E+00  0.3902353E+00
 0.1182000E+01  0.1535624E+00  0.3900885E+00
 0.1184000E+01  0.1535734E+00  0.3899392E+00
 0.1186000E+01  0.1535814E+00  0.3897877E+00
 0.1188000E+01  0.1535864E+00  0.3896342E+00
 0.1190000E+01  0.1535884E+00  0.3894787E+00
 0.1192000E+01  0.1535876E+00  0.3893214E+00
 0.1194000E+01  0.1535839E+00  0.3891624E+00
 0.1196000E+01  0.1535774E+00  0.3890020E+00
 0.1198000E+01  0.1535681E+00  0.3888401E+00
 0.1200000E+01  0.1535560E+00  0.3886771E+00
 0.1202000E+01  0.1535413E+00  0.3885130E+00
 0.1204000E+01  0.1535240E+00  0.3883479E+00
 0.1206000E+01  0.1535041E+00  0.3881820E+00
 0.1208000E+01  0.1534816E+00  0.3880154E+00
 0.1210000E+01  0.1534566E+00  0.3878482E+00
 0.1212000E+01  0.1534292E+00  0.3876806E+00
 0.1214000E+01  0.1533994E+00  0.3875128E+00
 0.1216000E+01  0.1533672E+00  0.3873447E+00
 0.1218000E+01  0.1533327E+00  0.3871765E+00
 0.1220000E+01  0.1532959E+00  0.3870084E+00
 0.1222000E+01  0.1532569E+00  0.3868405E+00
 0.1224000E+01  0.1532157E+00  0.3866729E+00
 0.1226000E+01  0.1531724E+00  0.3865057E+00
 0.1228000E+01  0.1531270E+00  0.3863389E+00
 0.1230000E+01  0.1530796E+00  0.3861728E+00
 0.1232000E+01  0.1530301E+00  0.3860074E+00
 0.1234000E+01  0.1529787E+00  0.3858429E+00
 0.1236000E+01  0.1529254E+00  0.3856793E+00
 0.1238000E+01  0.1528703E+00  0.3855167E+00
 0.1240000E+01  0.1528133E+00  0.3853552E+00
 0.1242000E+01  0.1527546E+00  0.3851950E+00
 0.1244000E+01  0.1526942E+00  0.3850360E+00
 0.1246000E+01  0.1526320E+00  0.3848785E+00
 0.1248000E+01  0.1525683E+00  0.3847225E+00
 0.1250000E+01  0.1525030E+00  0.3845681E+00
 0.1252000E+01  0.1524361E+00  0.3844153E+00
 0.1254000E+01  0.1523677E+00  0.3842643E+00
 0.1256000E+01  0.1522979E+00  0.3841152E+00
 0.1258000E+01  0.1522266E+00  0.3839679E+00
 0.1260000E+01  0.1521540E+00  0.3838227E+00
 0.1262000E+01  0.1520801E+00  0.3836795E+00
 0.1264000E+01  0.1520048E+00  0.3835384E+00
 0.1266000E+01  0.1519284E+00  0.3833996E+00
 0.1268000E+01  0.1518508E+00  0.3832630E+00
 0.1270000E+01  0.1517720E+00  0.3831288E+00
 0.1272000E+01  0.1516920E+00  0.3829969E+00
 0.1274000E+01  0.1516111E+00  0.3828676E+00
 0.1276000E+01  0.1515291E+00  0.3827408E+00
 0.1278000E+01  0.1514461E+00  0.3826166E+00
 0.1280000E+01  0.1513622E+00  0.3824950E+00
 0.1282000E+01  0.1512773E+00  0.3823761E+00
 0.1284000E+01  0.1511916E+00  0.3822600E+00
 0.1286000E+01  0.1511051E+00  0.3821466E+00
 0.1288000E+01  0.1510178E+00  0.3820362E+00
 0.1290000E+01  0.1509297E+00  0.3819286E+00
 0.1292000E+01  0.1508410E+00  0.3818240E+00
 0.1294000E+01  0.1507515E+00  0.3817223E+00
 0.1296000E+01  0.1506615E+00  0.3816237E+00
 0.1298000E+01  0.1505708E+00  0.3815281E+00
 0.1300000E+01  0.1504796E+00  0.3814357E+00
 0.1302000E+01  0.1503878E+00  0.3813464E+00
 0.1304000E+01  0.1502956E+00  0.3812602E+00
 0.1306000E+01  0.1502029E+00  0.3811773E+00
 0.1308000E+01  0.1501099E+00  0.3810975E+00
 0.1310000E+01  0.1500164E+00  0.3810211E+00
 0.1312000E+01  0.1499226E+00  0.3809479E+00
 0.1314000E+01  0.1498285E+00  0.3808781E+00
 0.1316000E+01  0.1497341E+00  0.3808116E+00
 0.1318000E+01  0.1496394E+00  0.3807484E+00
 0.1320000E+01  0.1495446E+00  0.3806886E+00
 0.1322000E+01  0.1494496E+00  0.3806322E+00
 0.1324000E+01  0.1493544E+00  0.3805792E+00
 0.1326000E+01  0.1492591E+00  0.3805296E+00
 0.1328000E+01  0.1491637E+00  0.3804835E+00
 0.1330000E+01  0.1490683E+00  0.3804408E+00
 0.1332000E+01  0.1489729E+00  0.3804016E+00
 0.1334000E+01  0.1488774E+00  0.3803658E+00
 0.1336000E+01  0.1487820E+00  0.3803335E+00
 0.1338000E+01  0.1486867E+00  0.3803047E+00
 0.1340000E+01  0.1485914E+00  0.3802794E+00
 0.1342000E+01  0.1484963E+00  0.3802575E+00
 0.1344000E+01  0.1484013E+00  0.3802392E+00
 0.1346000E+01  0.1483065E+00  0.3802243E+00
 0.1348000E+01  0.1482119E+00  0.3802129E+00
 0.1350000E+01  0.1481175E+00  0.3802050E+00
 0.1352000E+01  0.1480234E+00  0.3802005E+00
 0.1354000E+01  0.1479295E+00  0.3801995E+00
 0.1356000E+01  0.1478359E+00  0.3802020E+00
 0.1358000E+01  0.1477427E+00  0.3802079E+00
 0.1360000E+01  0.1476498E+00  0.3802173E+00
 0.1362000E+01  0.1475573E+00  0.3802301E+00
 0.1364000E+01  0.1474652E+00  0.3802463E+00
 0.1366000E+01  0.1473735E+00  0.3802659E+00
 0.1368000E+01  0.1472822E+00  0.3802889E+00
 0.1370000E+01  0.1471914E+00  0.3803153E+00
 0.1372000E+01  0.1471010E+00  0.3803450E+00
 0.1374000E+01  0.1470112E+00  0.3803781E+00
 0.1376000E+01  0.1469219E+00  0.3804145E+00
 0.1378000E+01  0.1468331E+00  0.3804541E+00
 0.1380000E+01  0.1467448E+00  0.3804971E+00
 0.1382000E+01  0.1466572E+00  0.3805433E+00
 0.1384000E+01  0.1465701E+00  0.3805927E+00
 0.1386000E+01  0.1464837E+00  0.3806453E+00
 0.1388000E+01  0.1463978E+00  0.3807011E+00
 0.1390000E+01  0.1463127E+00  0.3807601E+00
 0.1392000E+01  0.1462281E+00  0.3808221E+00
 0.1394000E+01  0.1461443E+00  0.3808873E+00
 0.1396000E+01  0.1460611E+00  0.3809555E+00
 0.1398000E+01  0.1459786E+00  0.3810268E+00
 0.1400000E+01  0.1458969E+00  0.3811010E+00
 0.1402000E+01  0.1458159E+00  0.3811782E+00
 0.1404000E+01  0.1457356E+00  0.3812584E+00
 0.1406000E+01  0.1456561E+00  0.3813414E+00
 0.1408000E+01  0.1455774E+00  0.3814274E+00
 0.1410000E+01  0.1454994E+00  0.3815161E+00
 0.1412000E+01  0.1454223E+00  0.3816077E+00
 0.1414000E+01  0.1453459E+00  0.3817020E+00
 0.1416000E+01  0.1452704E+00  0.3817990E+00
 0.1418000E+01  0.1451957E+00  0.3818987E+00
 0.1420000E+01  0.1451218E+00  0.3820010E+00
 0.1422000E+01  0.1450488E+00  0.3821060E+00
 0.1424000E+01  0.1449767E+00  0.3822135E+00
 0.1426000E+01  0.1449054E+00  0.3823235E+00
 0.1428000E+01  0.1448349E+00  0.3824360E+00
 0.1430000E+01  0.1447654E+00  0.3825510E+00
 0.1432000E+01  0.1446968E+00  0.3826683E+00
 0.1434000E+01  0.1446290E+00  0.3827880E+00
 0.1436000E+01  0.1445622E+00  0.3829101E+00
 0.1438000E+01  0.1444962E+00  0.3830343E+00
 0.1440000E+01  0.1444312E+00  0.3831608E+00
 0.1442000E+01  0.1443671E+00  0.3832895E+00
 0.1444000E+01  0.1443039E+00  0.3834203E+00
 0.1446000E+01  0.1442417E+00  0.3835532E+00
 0.1448000E+01  0.1441804E+00  0.3836881E+00
 0.1450000E+01  0.1441200E+00  0.3838250E+00
 0.1452000E+01  0.1440606E+00  0.3839639E+00
 0.1454000E+01  0.1440021E+00  0.3841046E+00
 0.1456000E+01  0.1439446E+00  0.3842472E+00
 0.1458000E+01  0.1438881E+00  0.3843917E+00
 0.1460000E+01  0.1438325E+00  0.3845378E+00
 0.1462000E+01  0.1437779E+00  0.3846857E+00
 0.1464000E+01  0.1437242E+00  0.3848352E+00
 0.1466000E+01  0.1436715E+00  0.3849863E+00
 0.1468000E+01  0.1436197E+00  0.3851390E+00
 0.1470000E+01  0.1435690E+00  0.3852932E+00
 0.1472000E+01  0.1435192E+00  0.3854489E+00
 0.1474000E+01  0.1434703E+00  0.3856060E+00
 0.1476000E+01  0.1434225E+00  0.3857644E+00
 0.1478000E+01  0.1433756E+00  0.3859242E+00
 0.1480000E+01  0.1433297E+00  0.3860852E+00
 0.1482000E+01  0.1432847E+00  0.3862474E+00
 0.1484000E+01  0.1432407E+00  0.3864108E+00
 0.1486000E+01  0.1431977E+00  0.3865753E+00
 0.1488000E+01  0.1431556E+00  0.3867409E+00
 0.1490000E+01  0.1431145E+00  0.3869075E+00
 0.1492000E+01  0.1430744E+00  0.3870750E+00
 0.1494000E+01  0.1430352E+00  0.3872435E+00
 0.1496000E+01  0.1429970E+00  0.3874128E+00
 0.1498000E+01  0.1429597E+00  0.3875829E+00
 0.1500000E+01  0.1429234E+00  0.3877538E+00
 0.1502000E+01  0.1428880E+00  0.3879255E+00
 0.1504000E+01  0.1428536E+00  0.3880977E+00
 0.1506000E+01  0.1428201E+00  0.3882706E+00
 0.1508000E+01  0.1427876E+00  0.3884441E+00
 0.1510000E+01  0.1427559E+00  0.3886181E+00
 0.1512000E+01  0.1427252E+00  0.3887925E+00
 0.1514000E+01  0.1426955E+00  0.3889674E+00
 0.1516000E+01  0.1426666E+00  0.3891426E+00
 0.1518000E+01  0.1426387E+00  0.3893182E+00
 0.1520000E+01  0.1426116E+00  0.3894940E+00
 0.1522000E+01  0.1425855E+00  0.3896701E+00
 0.1524000E+01  0.1425603E+00  0.3898463E+00
 0.1526000E+01  0.1425359E+00  0.3900227E+00
 0.1528000E+01  0.1425124E+00  0.3901992E+00
 0.1530000E+01  0.1424899E+00  0.3903757E+00
 0.1532000E+01  0.1424681E+00  0.3905522E+00
 0.1534000E+01  0.1424473E+00  0.3907286E+00
 0.1536000E+01  0.1424273E+00  0.3909050E+00
 0.1538000E+01  0.1424082E+00  0.3910812E+00
 0.1540000E+01  0.1423899E+00  0.3912572E+00
 0.1542000E+01  0.1423724E+00  0.3914330E+00
 0.1544000E+01  0.1423558E+00  0.3916085E+00
 0.1546000E+01  0.1423400E+00  0.3917836E+00
 0.1548000E+01  0.1423250E+00  0.3919585E+00
 0.1550000E+01  0.1423108E+00  0.3921329E+00
 0.1552000E+01  0.1422974E+00  0.3923068E+00
 0.1554000E+01  0.1422848E+00  0.3924803E+00
 0.1556000E+01  0.1422730E+00  0.3926532E+00
 0.1558000E+01  0.1422620E+00  0.3928256E+00
 0.1560000E+01  0.1422517E+00  0.3929973E+00
 0.1562000E+01  0.1422422E+00  0.3931684E+00
 0.1564000E+01  0.1422334E+00  0.3933388E+00
 0.1566000E+01  0.1422254E+00  0.3935084E+00
 0.1568000E+01  0.1422181E+00  0.3936773E+00
 0.1570000E+01  0.1422115E+00  0.3938454E+00
 0.1572000E+01  0.1422056E+00  0.3940126E+00
 0.1574000E+01  0.1422005E+00  0.3941789E+00
 0.1576000E+01  0.1421960E+00  0.3943443E+00
 0.1578000E+01  0.1421922E+00  0.3945088E+00
 0.1580000E+01  0.1421891E+00  0.3946722E+00
 0.1582000E+01  0.1421867E+00  0.3948346E+00
 0.1584000E+01  0.1421849E+00  0.3949960E+00
 0.1586000E+01  0.1421838E+00  0.3951563E+00
 0.1588000E+01  0.1421832E+00  0.3953154E+00
 0.1590000E+01  0.1421834E+00  0.3954734E+00
 0.1592000E+01  0.1421841E+00  0.3956302E+00
 0.1594000E+01  0.1421855E+00  0.3957857E+00
 0.1596000E+01  0.1421874E+00  0.3959400E+00
 0.1598000E+01  0.1421899E+00  0.3960931E+00
 0.1600000E+01  0.1421930E+00  0.3962448E+00
 0.1602000E+01  0.1421967E+00  0.3963951E+00
 0.1604000E+01  0.1422009E+00  0.3965441E+00
 0.1606000E+01  0.1422057E+00  0.3966917E+00
 0.1608000E+01  0.1422110E+00  0.3968379E+00
 0.1610000E+01  0.1422169E+00  0.3969826E+00
 0.1612000E+01  0.1422232E+00  0.3971258E+00
 0.1614000E+01  0.1422301E+00  0.3972676E+00
 0.1616000E+01  0.1422374E+00  0.3974078E+00
 0.1618000E+01  0.1422452E+00  0.3975464E+00
 0.1620000E+01  0.1422536E+00  0.3976835E+00
 0.1622000E+01  0.1422623E+00  0.3978190E+00
 0.1624000E+01  0.1422715E+00  0.3979529E+00
 0.1626000E+01  0.1422812E+00  0.3980851E+00
 0.1628000E+01  0.1422913E+00  0.3982157E+00
 0.1630000E+01  0.1423018E+00  0.3983446E+00
 0.1632000E+01  0.1423127E+00  0.3984718E+00
 0.1634000E+01  0.1423241E+00  0.3985973E+00
 0.1636000E+01  0.1423358E+00  0.3987211E+00
 0.1638000E+01  0.1423479E+00  0.3988431E+00
 0.1640000E+01  0.1423603E+00  0.3989633E+00
 0.1642000E+01  0.1423731E+00  0.3990818E+00
 0.1644000E+01  0.1423863E+00  0.3991985E+00
 0.1646000E+01  0.1423998E+00  0.3993133E+00
 0.1648000E+01  0.1424136E+00  0.3994264E+00
 0.1650000E+01  0.1424278E+00  0.3995376E+00
 0.1652000E+01  0.1424422E+00  0.3996470E+00
 0.1654000E+01  0.1424570E+00  0.3997545E+00
 0.1656000E+01  0.1424720E+00  0.3998601E+00
 0.1658000E+01  0.1424873E+00  0.3999638E+00
 0.1660000E+01  0.1425029E+00  0.4000657E+00
 0.1662000E+01  0.1425187E+00  0.4001657E+00
 0.1664000E+01  0.1425348E+00  0.4002637E+00
 0.1666000E+01  0.1425511E+00  0.4003599E+00
 0.1668000E+01  0.1425676E+00  0.4004541E+00
 0.1670000E+01  0.1425843E+00  0.4005464E+00
 0.1672000E+01  0.1426013E+00  0.4006368E+00
 0.1674000E+01  0.1426184E+00  0.4007252E+00
 0.1676000E+01  0.1426357E+00  0.4008117E+00
 0.1678000E+01  0.1426532E+00  0.4008963E+00
 0.1680000E+01  0.1426709E+00  0.4009788E+00
 0.1682000E+01  0.1426887E+00  0.4010595E+00
 0.1684000E+01  0.1427067E+00  0.4011382E+00
 0.1686000E+01  0.1427248E+00  0.4012149E+00
 0.1688000E+01  0.1427430E+00  0.4012897E+00
 0.1690000E+01  0.1427614E+00  0.4013625E+00
 0.1692000E+01  0.1427799E+00  0.4014334E+00
 0.1694000E+01  0.1427984E+00  0.4015023E+00
 0.1696000E+01  0.1428171E+00  0.4015693E+00
 0.1698000E+01  0.1428358E+00  0.4016343E+00
 0.1700000E+01  0.1428546E+00  0.4016974E+00
 0.1702000E+01  0.1428735E+00  0.4017585E+00
 0.1704000E+01  0.1428924E+00  0.4018177E+00
 0.1706000E+01  0.1429114E+00  0.4018750E+00
 0.1708000E+01  0.1429304E+00  0.4019303E+00
 0.1710000E+01  0.1429494E+00  0.4019837E+00
 0.1712000E+01  0.1429685E+00  0.4020352E+00
 0.1714000E+01  0.1429875E+00  0.4020848E+00
 0.1716000E+01  0.1430066E+00  0.4021324E+00
 0.1718000E+01  0.1430257E+00  0.4021782E+00
 0.1720000E+01  0.1430447E+00  0.4022221E+00
 0.1722000E+01  0.1430637E+00  0.4022641E+00
 0.1724000E+01  0.1430827E+00  0.4023042E+00
 0.1726000E+01  0.1431017E+00  0.4023425E+00
 0.1728000E+01  0.1431206E+00  0.4023789E+00
 0.1730000E+01  0.1431395E+00  0.4024135E+00
 0.1732000E+01  0.1431583E+00  0.4024462E+00
 0.1734000E+01  0.1431771E+00  0.4024772E+00
 0.1736000E+01  0.1431958E+00  0.4025063E+00
 0.1738000E+01  0.1432143E+00  0.4025336E+00
 0.1740000E+01  0.1432329E+00  0.4025592E+00
 0.1742000E+01  0.1432513E+00  0.4025829E+00
 0.1744000E+01  0.1432696E+00  0.4026050E+00
 0.1746000E+01  0.1432878E+00  0.4026252E+00
 0.1748000E+01  0.1433059E+00  0.4026438E+00
 0.1750000E+01  0.1433238E+00  0.4026606E+00
 0.1752000E+01  0.1433417E+00  0.4026758E+00
 0.1754000E+01  0.1433594E+00  0.4026892E+00
 0.1756000E+01  0.1433769E+00  0.4027010E+00
 0.1758000E+01  0.1433943E+00  0.4027112E+00
 0.1760000E+01  0.1434116E+00  0.4027197E+00
 0.1762000E+01  0.1434287E+00  0.4027266E+00
 0.1764000E+01  0.1434456E+00  0.4027319E+00
 0.1766000E+01  0.1434624E+00  0.4027356E+00
 0.1768000E+01  0.1434790E+00  0.4027377E+00
 0.1770000E+01  0.1434954E+00  0.4027383E+00
 0.1772000E+01  0.1435117E+00  0.4027374E+00
 0.1774000E+01  0.1435277E+00  0.4027349E+00
 0.1776000E+01  0.1435435E+00  0.4027310E+00
 0.1778000E+01  0.1435592E+00  0.4027255E+00
 0.1780000E+01  0.1435746E+00  0.4027187E+00
 0.1782000E+01  0.1435898E+00  0.4027103E+00
 0.1784000E+01  0.1436048E+00  0.4027006E+00
 0.1786000E+01  0.1436196E+00  0.4026895E+00
 0.1788000E+01  0.1436342E+00  0.4026770E+00
 0.1790000E+01  0.1436485E+00  0.4026631E+00
 0.1792000E+01  0.1436626E+00  0.4026479E+00
 0.1794000E+01  0.1436765E+00  0.4026314E+00
 0.1796000E+01  0.1436901E+00  0.4026136E+00
 0.1798000E+01  0.1437035E+00  0.4025945E+00
 0.1800000E+01  0.1437167E+00  0.4025742E+00
 0.1802000E+01  0.1437296E+00  0.4025526E+00
 0.1804000E+01  0.1437422E+00  0.4025298E+00
 0.1806000E+01  0.1437546E+00  0.4025059E+00
 0.1808000E+01  0.1437667E+00  0.4024807E+00
 0.1810000E+01  0.1437785E+00  0.4024545E+00
 0.1812000E+01  0.1437901E+00  0.4024270E+00
 0.1814000E+01  0.1438014E+00  0.4023985E+00
 0.1816000E+01  0.1438125E+00  0.4023689E+00
 0.1818000E+01  0.1438232E+00  0.4023383E+00
 0.1820000E+01  0.1438337E+00  0.4023066E+00
 0.1822000E+01  0.1438439E+00  0.4022739E+00
 0.1824000E+01  0.1438539E+00  0.4022402E+00
 0.1826000E+01  0.1438635E+00  0.4022055E+00
 0.1828000E+01  0.1438729E+00  0.4021699E+00
 0.1830000E+01  0.1438819E+00  0.4021334E+00
 0.1832000E+01  0.1438907E+00  0.4020959E+00
 0.1834000E+01  0.1438992E+00  0.4020576E+00
 0.1836000E+01  0.1439074E+00  0.4020184E+00
 0.1838000E+01  0.1439153E+00  0.4019784E+00
 0.1840000E+01  0.1439229E+00  0.4019376E+00
 0.1842000E+01  0.1439302E+00  0.4018960E+00
 0.1844000E+01  0.1439372E+00  0.4018536E+00
 0.1846000E+01  0.1439439E+00  0.4018104E+00
 0.1848000E+01  0.1439503E+00  0.4017665E+00
 0.1850000E+01  0.1439564E+00  0.4017220E+00
 0.1852000E+01  0.1439623E+00  0.4016767E+00
 0.1854000E+01  0.1439678E+00  0.4016308E+00
 0.1856000E+01  0.1439730E+00  0.4015842E+00
 0.1858000E+01  0.1439778E+00  0.4015371E+00
 0.1860000E+01  0.1439824E+00  0.4014893E+00
 0.1862000E+01  0.1439867E+00  0.4014410E+00
 0.1864000E+01  0.1439907E+00  0.4013921E+00
 0.1866000E+01  0.1439944E+00  0.4013427E+00
 0.1868000E+01  0.1439978E+00  0.4012927E+00
 0.1870000E+01  0.1440008E+00  0.4012423E+00
 0.1872000E+01  0.1440036E+00  0.4011915E+00
 0.1874000E+01  0.1440061E+00  0.4011401E+00
 0.1876000E+01  0.1440082E+00  0.4010884E+00
 0.1878000E+01  0.1440101E+00  0.4010363E+00
 0.1880000E+01  0.1440116E+00  0.4009837E+00
 0.1882000E+01  0.1440129E+00  0.4009308E+00
 0.1884000E+01  0.1440138E+00  0.4008776E+00
 0.1886000E+01  0.1440145E+00  0.4008241E+00
 0.1888000E+01  0.1440148E+00  0.4007702E+00
 0.1890000E+01  0.1440149E+00  0.4007161E+00
 0.1892000E+01  0.1440146E+00  0.4006617E+00
 0.1894000E+01  0.1440141E+00  0.4006071E+00
 0.1896000E+01  0.1440132E+00  0.4005522E+00
 0.1898000E+01  0.1440121E+00  0.4004972E+00
 0.1900000E+01  0.1440107E+00  0.4004419E+00
 0.1902000E+01  0.1440090E+00  0.4003865E+00
 0.1904000E+01  0.1440070E+00  0.4003310E+00
 0.1906000E+01  0.1440047E+00  0.4002753E+00
 0.1908000E+01  0.1440021E+00  0.4002195E+00
 0.1910000E+01  0.1439992E+00  0.4001637E+00
 0.1912000E+01  0.1439961E+00  0.4001077E+00
 0.1914000E+01  0.1439927E+00  0.4000517E+00
 0.1916000E+01  0.1439890E+00  0.3999957E+00
 0.1918000E+01  0.1439850E+00  0.3999396E+00
 0.1920000E+01  0.1439808E+00  0.3998836E+00
 0.1922000E+01  0.1439762E+00  0.3998275E+00
 0.1924000E+01  0.1439714E+00  0.3997715E+00
 0.1926000E+01  0.1439664E+00  0.3997155E+00
 0.1928000E+01  0.1439611E+00  0.3996596E+00
 0.1930000E+01  0.1439555E+00  0.3996038E+00
 0.1932000E+01  0.1439496E+00  0.3995481E+00
 0.1934000E+01  0.1439435E+00  0.3994924E+00
 0.1936000E+01  0.1439372E+00  0.3994369E+00
 0.1938000E+01  0.1439305E+00  0.3993816E+00
 0.1940000E+01  0.1439237E+00  0.3993264E+00
 0.1942000E+01  0.1439166E+00  0.3992713E+00
 0.1944000E+01  0.1439092E+00  0.3992165E+00
 0.1946000E+01  0.1439016E+00  0.3991618E+00
 0.1948000E+01  0.1438938E+00  0.3991074E+00
 0.1950000E+01  0.1438857E+00  0.3990532E+00
 0.1952000E+01  0.1438774E+00  0.3989992E+00
 0.1954000E+01  0.1438689E+00  0.3989455E+00
 0.1956000E+01  0.1438601E+00  0.3988920E+00
 0.1958000E+01  0.1438511E+00  0.3988388E+00
 0.1960000E+01  0.1438419E+00  0.3987859E+00
 0.1962000E+01  0.1438325E+00  0.3987333E+00
 0.1964000E+01  0.1438229E+00  0.3986810E+00
 0.1966000E+01  0.1438130E+00  0.3986291E+00
 0.1968000E+01  0.1438030E+00  0.3985775E+00
 0.1970000E+01  0.1437927E+00  0.3985262E+00
 0.1972000E+01  0.1437822E+00  0.3984753E+00
 0.1974000E+01  0.1437716E+00  0.3984247E+00
 0.1976000E+01  0.1437607E+00  0.3983745E+00
 0.1978000E+01  0.1437497E+00  0.3983248E+00
 0.1980000E+01  0.1437384E+00  0.3982754E+00
 0.1982000E+01  0.1437270E+00  0.3982264E+00
 0.1984000E+01  0.1437154E+00  0.3981778E+00
 0.1986000E+01  0.1437036E+00  0.3981297E+00
 0.1988000E+01  0.1436916E+00  0.3980820E+00
 0.1990000E+01  0.1436795E+00  0.3980347E+00
 0.1992000E+01  0.1436672E+00  0.3979879E+00
 0.1994000E+01  0.1436547E+00  0.3979415E+00
 0.1996000E+01  0.1436421E+00  0.3978956E+00
 0.1998000E+01  0.1436293E+00  0.3978502E+00
 0.2000000E+01  0.1436164E+00  0.3978053E+00
 0.2002000E+01  0.1436033E+00  0.3977608E+00
 0.2004000E+01  0.1435901E+00  0.3977169E+00
 0.2006000E+01  0.1435767E+00  0.3976734E+00
 0.2008000E+01  0.1435632E+00  0.3976305E+00
 0.2010000E+01  0.1435496E+00  0.3975880E+00
 0.2012000E+01  0.1435358E+00  0.3975461E+00
 0.2014000E+01  0.1435219E+00  0.3975047E+00
 0.2016000E+01  0.1435078E+00  0.3974639E+00
 0.2018000E+01  0.1434937E+00  0.3974235E+00
 0.2020000E+01  0.1434794E+00  0.3973837E+00
 0.2022000E+01  0.1434650E+00  0.3973445E+00
 0.2024000E+01  0.1434505E+00  0.3973058E+00
 0.2026000E+01  0.1434359E+00  0.3972676E+00
 0.2028000E+01  0.1434212E+00  0.3972300E+00
 0.2030000E+01  0.1434064E+00  0.3971930E+00
 0.2032000E+01  0.1433915E+00  0.3971565E+00
 0.2034000E+01  0.1433765E+00  0.3971206E+00
 0.2036000E+01  0.1433614E+00  0.3970852E+00
 0.2038000E+01  0.1433462E+00  0.3970504E+00
 0.2040000E+01  0.1433310E+00  0.3970162E+00
 0.2042000E+01  0.1433157E+00  0.3969826E+00
 0.2044000E+01  0.1433002E+00  0.3969495E+00
 0.2046000E+01  0.1432848E+00  0.3969170E+00
 0.2048000E+01  0.1432692E+00  0.3968851E+00
 0.2050000E+01  0.1432536E+00  0.3968538E+00
 0.2052000E+01  0.1432379E+00  0.3968230E+00
 0.2054000E+01  0.1432222E+00  0.3967929E+00
 0.2056000E+01  0.1432064E+00  0.3967633E+00
 0.2058000E+01  0.1431906E+00  0.3967343E+00
 0.2060000E+01  0.1431747E+00  0.3967058E+00
 0.2062000E+01  0.1431588E+00  0.3966780E+00
 0.2064000E+01  0.1431428E+00  0.3966508E+00
 0.2066000E+01  0.1431268E+00  0.3966241E+00
 0.2068000E+01  0.1431108E+00  0.3965980E+00
 0.2070000E+01  0.1430947E+00  0.3965725E+00
 0.2072000E+01  0.1430786E+00  0.3965476E+00
 0.2074000E+01  0.1430625E+00  0.3965232E+00
 0.2076000E+01  0.1430464E+00  0.3964994E+00
 0.2078000E+01  0.1430302E+00  0.3964762E+00
 0.2080000E+01  0.1430141E+00  0.3964536E+00
 0.2082000E+01  0.1429979E+00  0.3964316E+00
 0.2084000E+01  0.1429817E+00  0.3964101E+00
 0.2086000E+01  0.1429655E+00  0.3963892E+00
 0.2088000E+01  0.1429493E+00  0.3963688E+00
 0.2090000E+01  0.1429331E+00  0.3963491E+00
 0.2092000E+01  0.1429170E+00  0.3963298E+00
 0.2094000E+01  0.1429008E+00  0.3963112E+00
 0.2096000E+01  0.1428846E+00  0.3962931E+00
 0.2098000E+01  0.1428685E+00  0.3962755E+00
 0.2100000E+01  0.1428523E+00  0.3962585E+00
 0.2102000E+01  0.1428362E+00  0.3962420E+00
 0.2104000E+01  0.1428201E+00  0.3962261E+00
 0.2106000E+01  0.1428040E+00  0.3962107E+00
 0.2108000E+01  0.1427880E+00  0.3961959E+00
 0.2110000E+01  0.1427720E+00  0.3961816E+00
 0.2112000E+01  0.1427560E+00  0.3961678E+00
 0.2114000E+01  0.1427401E+00  0.3961545E+00
 0.2116000E+01  0.1427242E+00  0.3961417E+00
 0.2118000E+01  0.1427083E+00  0.3961295E+00
 0.2120000E+01  0.1426925E+00  0.3961178E+00
 0.2122000E+01  0.1426767E+00  0.3961065E+00
 0.2124000E+01  0.1426610E+00  0.3960958E+00
 0.2126000E+01  0.1426453E+00  0.3960855E+00
 0.2128000E+01  0.1426297E+00  0.3960758E+00
 0.2130000E+01  0.1426141E+00  0.3960665E+00
 0.2132000E+01  0.1425986E+00  0.3960577E+00
 0.2134000E+01  0.1425832E+00  0.3960494E+00
 0.2136000E+01  0.1425678E+00  0.3960416E+00
 0.2138000E+01  0.1425525E+00  0.3960342E+00
 0.2140000E+01  0.1425372E+00  0.3960272E+00
 0.2142000E+01  0.1425221E+00  0.3960207E+00
 0.2144000E+01  0.1425070E+00  0.3960147E+00
 0.2146000E+01  0.1424919E+00  0.3960091E+00
 0.2148000E+01  0.1424770E+00  0.3960039E+00
 0.2150000E+01  0.1424621E+00  0.3959992E+00
 0.2152000E+01  0.1424473E+00  0.3959949E+00
 0.2154000E+01  0.1424326E+00  0.3959910E+00
 0.2156000E+01  0.1424180E+00  0.3959875E+00
 0.2158000E+01  0.1424034E+00  0.3959844E+00
 0.2160000E+01  0.1423890E+00  0.3959817E+00
 0.2162000E+01  0.1423746E+00  0.3959794E+00
 0.2164000E+01  0.1423603E+00  0.3959774E+00
 0.2166000E+01  0.1423461E+00  0.3959759E+00
 0.2168000E+01  0.1423320E+00  0.3959747E+00
 0.2170000E+01  0.1423181E+00  0.3959739E+00
 0.2172000E+01  0.1423042E+00  0.3959734E+00
 0.2174000E+01  0.1422904E+00  0.3959733E+00
 0.2176000E+01  0.1422767E+00  0.3959735E+00
 0.2178000E+01  0.1422631E+00  0.3959741E+00
 0.2180000E+01  0.1422496E+00  0.3959750E+00
 0.2182000E+01  0.1422362E+00  0.3959762E+00
 0.2184000E+01  0.1422230E+00  0.3959777E+00
 0.2186000E+01  0.1422098E+00  0.3959796E+00
 0.2188000E+01  0.1421967E+00  0.3959817E+00
 0.2190000E+01  0.1421838E+00  0.3959842E+00
 0.2192000E+01  0.1421710E+00  0.3959869E+00
 0.2194000E+01  0.1421582E+00  0.3959899E+00
 0.2196000E+01  0.1421456E+00  0.3959932E+00
 0.2198000E+01  0.1421332E+00  0.3959967E+00
 0.2200000E+01  0.1421208E+00  0.3960005E+00
 0.2202000E+01  0.1421085E+00  0.3960046E+00
 0.2204000E+01  0.1420964E+00  0.3960089E+00
 0.2206000E+01  0.1420844E+00  0.3960134E+00
 0.2208000E+01  0.1420725E+00  0.3960182E+00
 0.2210000E+01  0.1420607E+00  0.3960232E+00
 0.2212000E+01  0.1420491E+00  0.3960284E+00
 0.2214000E+01  0.1420375E+00  0.3960339E+00
 0.2216000E+01  0.1420261E+00  0.3960395E+00
 0.2218000E+01  0.1420148E+00  0.3960454E+00
 0.2220000E+01  0.1420037E+00  0.3960514E+00
 0.2222000E+01  0.1419927E+00  0.3960576E+00
 0.2224000E+01  0.1419818E+00  0.3960640E+00
 0.2226000E+01  0.1419710E+00  0.3960705E+00
 0.2228000E+01  0.1419603E+00  0.3960773E+00
 0.2230000E+01  0.1419498E+00  0.3960842E+00
 0.2232000E+01  0.1419394E+00  0.3960912E+00
 0.2234000E+01  0.1419292E+00  0.3960984E+00
 0.2236000E+01  0.1419190E+00  0.3961057E+00
 0.2238000E+01  0.1419090E+00  0.3961131E+00
 0.2240000E+01  0.1418992E+00  0.3961207E+00
 0.2242000E+01  0.1418894E+00  0.3961283E+00
 0.2244000E+01  0.1418798E+00  0.3961361E+00
 0.2246000E+01  0.1418703E+00  0.3961440E+00
 0.2248000E+01  0.1418610E+00  0.3961520E+00
 0.2250000E+01  0.1418518E+00  0.3961601E+00
 0.2252000E+01  0.1418427E+00  0.3961683E+00
 0.2254000E+01  0.1418337E+00  0.3961765E+00
 0.2256000E+01  0.1418249E+00  0.3961848E+00
 0.2258000E+01  0.1418162E+00  0.3961932E+00
 0.2260000E+01  0.1418076E+00  0.3962016E+00
 0.2262000E+01  0.1417992E+00  0.3962101E+00
 0.2264000E+01  0.1417909E+00  0.3962187E+00
 0.2266000E+01  0.1417827E+00  0.3962273E+00
 0.2268000E+01  0.1417747E+00  0.3962359E+00
 0.2270000E+01  0.1417668E+00  0.3962445E+00
 0.2272000E+01  0.1417590E+00  0.3962532E+00
 0.2274000E+01  0.1417514E+00  0.3962619E+00
 0.2276000E+01  0.1417439E+00  0.3962706E+00
 0.2278000E+01  0.1417365E+00  0.3962793E+00
 0.2280000E+01  0.1417293E+00  0.3962880E+00
 0.2282000E+01  0.1417221E+00  0.3962967E+00
 0.2284000E+01  0.1417152E+00  0.3963054E+00
 0.2286000E+01  0.1417083E+00  0.3963141E+00
 0.2288000E+01  0.1417016E+00  0.3963228E+00
 0.2290000E+01  0.1416950E+00  0.3963314E+00
 0.2292000E+01  0.1416885E+00  0.3963400E+00
 0.2294000E+01  0.1416821E+00  0.3963486E+00
 0.2296000E+01  0.1416759E+00  0.3963571E+00
 0.2298000E+01  0.1416698E+00  0.3963656E+00
 0.2300000E+01  0.1416639E+00  0.3963741E+00
 0.2302000E+01  0.1416580E+00  0.3963824E+00
 0.2304000E+01  0.1416523E+00  0.3963908E+00
 0.2306000E+01  0.1416467E+00  0.3963990E+00
 0.2308000E+01  0.1416412E+00  0.3964072E+00
 0.2310000E+01  0.1416359E+00  0.3964153E+00
 0.2312000E+01  0.1416307E+00  0.3964234E+00
 0.2314000E+01  0.1416256E+00  0.3964313E+00
 0.2316000E+01  0.1416206E+00  0.3964392E+00
 0.2318000E+01  0.1416157E+00  0.3964470E+00
 0.2320000E+01  0.1416110E+00  0.3964547E+00
 0.2322000E+01  0.1416064E+00  0.3964623E+00
 0.2324000E+01  0.1416019E+00  0.3964698E+00
 0.2326000E+01  0.1415975E+00  0.3964772E+00
 0.2328000E+01  0.1415932E+00  0.3964844E+00
 0.2330000E+01  0.1415891E+00  0.3964916E+00
 0.2332000E+01  0.1415850E+00  0.3964987E+00
 0.2334000E+01  0.1415811E+00  0.3965056E+00
 0.2336000E+01  0.1415773E+00  0.3965124E+00
 0.2338000E+01  0.1415736E+00  0.3965191E+00
 0.2340000E+01  0.1415700E+00  0.3965256E+00
 0.2342000E+01  0.1415665E+00  0.3965321E+00
 0.2344000E+01  0.1415632E+00  0.3965384E+00
 0.2346000E+01  0.1415599E+00  0.3965445E+00
 0.2348000E+01  0.1415568E+00  0.3965505E+00
 0.2350000E+01  0.1415537E+00  0.3965564E+00
 0.2352000E+01  0.1415508E+00  0.3965621E+00
 0.2354000E+01  0.1415479E+00  0.3965677E+00
 0.2356000E+01  0.1415452E+00  0.3965731E+00
 0.2358000E+01  0.1415426E+00  0.3965784E+00
 0.2360000E+01  0.1415400E+00  0.3965835E+00
 0.2362000E+01  0.1415376E+00  0.3965884E+00
 0.2364000E+01  0.1415353E+00  0.3965932E+00
 0.2366000E+01  0.1415330E+00  0.3965978E+00
 0.2368000E+01  0.1415309E+00  0.3966023E+00
 0.2370000E+01  0.1415289E+00  0.3966066E+00
 0.2372000E+01  0.1415269E+00  0.3966107E+00
 0.2374000E+01  0.1415251E+00  0.3966147E+00
 0.2376000E+01  0.1415233E+00  0.3966185E+00
 0.2378000E+01  0.1415217E+00  0.3966221E+00
 0.2380000E+01  0.1415201E+00  0.3966256E+00
 0.2382000E+01  0.1415186E+00  0.3966288E+00
 0.2384000E+01  0.1415172E+00  0.3966319E+00
 0.2386000E+01  0.1415159E+00  0.3966348E+00
 0.2388000E+01  0.1415147E+00  0.3966376E+00
 0.2390000E+01  0.1415135E+00  0.3966401E+00
 0.2392000E+01  0.1415125E+00  0.3966425E+00
 0.2394000E+01  0.1415115E+00  0.3966447E+00
 0.2396000E+01  0.1415106E+00  0.3966467E+00
 0.2398000E+01  0.1415098E+00  0.3966485E+00
 0.2400000E+01  0.1415090E+00  0.3966502E+00
 0.2402000E+01  0.1415084E+00  0.3966516E+00
 0.2404000E+01  0.1415078E+00  0.3966529E+00
 0.2406000E+01  0.1415073E+00  0.3966540E+00
 0.2408000E+01  0.1415068E+00  0.3966549E+00
 0.2410000E+01  0.1415065E+00  0.3966556E+00
 0.2412000E+01  0.1415062E+00  0.3966561E+00
 0.2414000E+01  0.1415060E+00  0.3966565E+00
 0.2416000E+01  0.1415058E+00  0.3966566E+00
 0.2418000E+01  0.1415057E+00  0.3966566E+00
 0.2420000E+01  0.1415057E+00  0.3966564E+00
 0.2422000E+01  0.1415057E+00  0.3966559E+00
 0.2424000E+01  0.1415059E+00  0.3966554E+00
 0.2426000E+01  0.1415060E+00  0.3966546E+00
 0.2428000E+01  0.1415063E+00  0.3966536E+00
 0.2430000E+01  0.1415066E+00  0.3966525E+00
 0.2432000E+01  0.1415069E+00  0.3966511E+00
 0.2434000E+01  0.1415073E+00  0.3966496E+00
 0.2436000E+01  0.1415078E+00  0.3966479E+00
 0.2438000E+01  0.1415083E+00  0.3966460E+00
 0.2440000E+01  0.1415089E+00  0.3966439E+00
 0.2442000E+01  0.1415095E+00  0.3966417E+00
 0.2444000E+01  0.1415102E+00  0.3966393E+00
 0.2446000E+01  0.1415109E+00  0.3966366E+00
 0.2448000E+01  0.1415117E+00  0.3966339E+00
 0.2450000E+01  0.1415125E+00  0.3966309E+00
 0.2452000E+01  0.1415134E+00  0.3966277E+00
 0.2454000E+01  0.1415143E+00  0.3966244E+00
 0.2456000E+01  0.1415153E+00  0.3966209E+00
 0.2458000E+01  0.1415163E+00  0.3966172E+00
 0.2460000E+01  0.1415174E+00  0.3966134E+00
 0.2462000E+01  0.1415185E+00  0.3966094E+00
 0.2464000E+01  0.1415196E+00  0.3966052E+00
 0.2466000E+01  0.1415208E+00  0.3966009E+00
 0.2468000E+01  0.1415220E+00  0.3965963E+00
 0.2470000E+01  0.1415232E+00  0.3965917E+00
 0.2472000E+01  0.1415245E+00  0.3965868E+00
 0.2474000E+01  0.1415258E+00  0.3965818E+00
 0.2476000E+01  0.1415272E+00  0.3965767E+00
 0.2478000E+01  0.1415286E+00  0.3965713E+00
 0.2480000E+01  0.1415300E+00  0.3965658E+00
 0.2482000E+01  0.1415314E+00  0.3965602E+00
 0.2484000E+01  0.1415329E+00  0.3965544E+00
 0.2486000E+01  0.1415344E+00  0.3965485E+00
 0.2488000E+01  0.1415359E+00  0.3965424E+00
 0.2490000E+01  0.1415375E+00  0.3965362E+00
 0.2492000E+01  0.1415391E+00  0.3965298E+00
 0.2494000E+01  0.1415407E+00  0.3965232E+00
 0.2496000E+01  0.1415423E+00  0.3965166E+00
 0.2498000E+01  0.1415439E+00  0.3965098E+00
 0.2500000E+01  0.1415456E+00  0.3965028E+00
 0.2502000E+01  0.1415473E+00  0.3964957E+00
 0.2504000E+01  0.1415490E+00  0.3964885E+00
 0.2506000E+01  0.1415507E+00  0.3964812E+00
 0.2508000E+01  0.1415524E+00  0.3964737E+00
 0.2510000E+01  0.1415542E+00  0.3964661E+00
 0.2512000E+01  0.1415560E+00  0.3964584E+00
 0.2514000E+01  0.1415577E+00  0.3964506E+00
 0.2516000E+01  0.1415595E+00  0.3964426E+00
 0.2518000E+01  0.1415613E+00  0.3964345E+00
 0.2520000E+01  0.1415632E+00  0.3964263E+00
 0.2522000E+01  0.1415650E+00  0.3964180E+00
 0.2524000E+01  0.1415668E+00  0.3964096E+00
 0.2526000E+01  0.1415687E+00  0.3964011E+00
 0.2528000E+01  0.1415705E+00  0.3963924E+00
 0.2530000E+01  0.1415724E+00  0.3963837E+00
 0.2532000E+01  0.1415742E+00  0.3963748E+00
 0.2534000E+01  0.1415761E+00  0.3963659E+00
 0.2536000E+01  0.1415780E+00  0.3963569E+00
 0.2538000E+01  0.1415798E+00  0.3963478E+00
 0.2540000E+01  0.1415817E+00  0.3963385E+00
 0.2542000E+01  0.1415836E+00  0.3963292E+00
 0.2544000E+01  0.1415855E+00  0.3963198E+00
 0.2546000E+01  0.1415873E+00  0.3963104E+00
 0.2548000E+01  0.1415892E+00  0.3963008E+00
 0.2550000E+01  0.1415911E+00  0.3962912E+00
 0.2552000E+01  0.1415930E+00  0.3962815E+00
 0.2554000E+01  0.1415948E+00  0.3962717E+00
 0.2556000E+01  0.1415967E+00  0.3962618E+00
 0.2558000E+01  0.1415985E+00  0.3962519E+00
 0.2560000E+01  0.1416004E+00  0.3962419E+00
 0.2562000E+01  0.1416022E+00  0.3962319E+00
 0.2564000E+01  0.1416041E+00  0.3962218E+00
 0.2566000E+01  0.1416059E+00  0.3962116E+00
 0.2568000E+01  0.1416077E+00  0.3962014E+00
 0.2570000E+01  0.1416096E+00  0.3961911E+00
 0.2572000E+01  0.1416114E+00  0.3961808E+00
 0.2574000E+01  0.1416132E+00  0.3961704E+00
 0.2576000E+01  0.1416150E+00  0.3961600E+00
 0.2578000E+01  0.1416167E+00  0.3961495E+00
 0.2580000E+01  0.1416185E+00  0.3961390E+00
 0.2582000E+01  0.1416203E+00  0.3961285E+00
 0.2584000E+01  0.1416220E+00  0.3961179E+00
 0.2586000E+01  0.1416237E+00  0.3961073E+00
 0.2588000E+01  0.1416254E+00  0.3960966E+00
 0.2590000E+01  0.1416271E+00  0.3960860E+00
 0.2592000E+01  0.1416288E+00  0.3960753E+00
 0.2594000E+01  0.1416305E+00  0.3960645E+00
 0.2596000E+01  0.1416321E+00  0.3960538E+00
 0.2598000E+01  0.1416338E+00  0.3960430E+00
 0.2600000E+01  0.1416354E+00  0.3960322E+00
 0.2602000E+01  0.1416370E+00  0.3960215E+00
 0.2604000E+01  0.1416386E+00  0.3960106E+00
 0.2606000E+01  0.1416402E+00  0.3959998E+00
 0.2608000E+01  0.1416417E+00  0.3959890E+00
 0.2610000E+01  0.1416432E+00  0.3959782E+00
 0.2612000E+01  0.1416447E+00  0.3959674E+00
 0.2614000E+01  0.1416462E+00  0.3959565E+00
 0.2616000E+01  0.1416477E+00  0.3959457E+00
 0.2618000E+01  0.1416492E+00  0.3959349E+00
 0.2620000E+01  0.1416506E+00  0.3959241E+00
 0.2622000E+01  0.1416520E+00  0.3959132E+00
 0.2624000E+01  0.1416534E+00  0.3959024E+00
 0.2626000E+01  0.1416548E+00  0.3958917E+00
 0.2628000E+01  0.1416561E+00  0.3958809E+00
 0.2630000E+01  0.1416574E+00  0.3958701E+00
 0.2632000E+01  0.1416587E+00  0.3958594E+00
 0.2634000E+01  0.1416600E+00  0.3958487E+00
 0.2636000E+01  0.1416613E+00  0.3958380E+00
 0.2638000E+01  0.1416625E+00  0.3958273E+00
 0.2640000E+01  0.1416637E+00  0.3958167E+00
 0.2642000E+01  0.1416649E+00  0.3958061E+00
 0.2644000E+01  0.1416661E+00  0.3957955E+00
 0.2646000E+01  0.1416672E+00  0.3957849E+00
 0.2648000E+01  0.1416684E+00  0.3957744E+00
 0.2650000E+01  0.1416694E+00  0.3957639E+00
 0.2652000E+01  0.1416705E+00  0.3957535E+00
 0.2654000E+01  0.1416716E+00  0.3957431E+00
 0.2656000E+01  0.1416726E+00  0.3957327E+00
 0.2658000E+01  0.1416736E+00  0.3957224E+00
 0.2660000E+01  0.1416746E+00  0.3957122E+00
 0.2662000E+01  0.1416755E+00  0.3957019E+00
 0.2664000E+01  0.1416764E+00  0.3956918E+00
 0.2666000E+01  0.1416773E+00  0.3956816E+00
 0.2668000E+01  0.1416782E+00  0.3956716E+00
 0.2670000E+01  0.1416790E+00  0.3956615E+00
 0.2672000E+01  0.1416799E+00  0.3956516E+00
 0.2674000E+01  0.1416807E+00  0.3956417E+00
 0.2676000E+01  0.1416814E+00  0.3956318E+00
 0.2678000E+01  0.1416822E+00  0.3956220E+00
 0.2680000E+01  0.1416829E+00  0.3956123E+00
 0.2682000E+01  0.1416836E+00  0.3956026E+00
 0.2684000E+01  0.1416843E+00  0.3955930E+00
 0.2686000E+01  0.1416849E+00  0.3955834E+00
 0.2688000E+01  0.1416855E+00  0.3955740E+00
 0.2690000E+01  0.1416861E+00  0.3955646E+00
 0.2692000E+01  0.1416867E+00  0.3955552E+00
 0.2694000E+01  0.1416872E+00  0.3955459E+00
 0.2696000E+01  0.1416878E+00  0.3955367E+00
 0.2698000E+01  0.1416883E+00  0.3955276E+00
 0.2700000E+01  0.1416887E+00  0.3955185E+00
 0.2702000E+01  0.1416892E+00  0.3955095E+00
 0.2704000E+01  0.1416896E+00  0.3955006E+00
 0.2706000E+01  0.1416900E+00  0.3954918E+00
 0.2708000E+01  0.1416904E+00  0.3954830E+00
 0.2710000E+01  0.1416907E+00  0.3954743E+00
 0.2712000E+01  0.1416910E+00  0.3954657E+00
 0.2714000E+01  0.1416913E+00  0.3954572E+00
 0.2716000E+01  0.1416916E+00  0.3954487E+00
 0.2718000E+01  0.1416919E+00  0.3954404E+00
 0.2720000E+01  0.1416921E+00  0.3954321E+00
 0.2722000E+01  0.1416923E+00  0.3954239E+00
 0.2724000E+01  0.1416925E+00  0.3954158E+00
 0.2726000E+01  0.1416926E+00  0.3954077E+00
 0.2728000E+01  0.1416928E+00  0.3953998E+00
 0.2730000E+01  0.1416929E+00  0.3953919E+00
 0.2732000E+01  0.1416929E+00  0.3953841E+00
 0.2734000E+01  0.1416930E+00  0.3953764E+00
 0.2736000E+01  0.1416931E+00  0.3953688E+00
 0.2738000E+01  0.1416931E+00  0.3953613E+00
 0.2740000E+01  0.1416931E+00  0.3953539E+00
 0.2742000E+01  0.1416930E+00  0.3953465E+00
 0.2744000E+01  0.1416930E+00  0.3953393E+00
 0.2746000E+01  0.1416929E+00  0.3953321E+00
 0.2748000E+01  0.1416928E+00  0.3953250E+00
 0.2750000E+01  0.1416927E+00  0.3953180E+00
 0.2752000E+01  0.1416926E+00  0.3953111E+00
 0.2754000E+01  0.1416924E+00  0.3953043E+00
 0.2756000E+01  0.1416923E+00  0.3952976E+00
 0.2758000E+01  0.1416921E+00  0.3952910E+00
 0.2760000E+01  0.1416919E+00  0.3952844E+00
 0.2762000E+01  0.1416916E+00  0.3952780E+00
 0.2764000E+01  0.1416914E+00  0.3952716E+00
 0.2766000E+01  0.1416911E+00  0.3952653E+00
 0.2768000E+01  0.1416908E+00  0.3952592E+00
 0.2770000E+01  0.1416905E+00  0.3952531E+00
 0.2772000E+01  0.1416902E+00  0.3952471E+00
 0.2774000E+01  0.1416898E+00  0.3952412E+00
 0.2776000E+01  0.1416895E+00  0.3952354E+00
 0.2778000E+01  0.1416891E+00  0.3952297E+00
 0.2780000E+01  0.1416887E+00  0.3952240E+00
 0.2782000E+01  0.1416883E+00  0.3952185E+00
 0.2784000E+01  0.1416878E+00  0.3952130E+00
 0.2786000E+01  0.1416874E+00  0.3952077E+00
 0.2788000E+01  0.1416869E+00  0.3952024E+00
 0.2790000E+01  0.1416865E+00  0.3951972E+00
 0.2792000E+01  0.1416860E+00  0.3951922E+00
 0.2794000E+01  0.1416854E+00  0.3951872E+00
 0.2796000E+01  0.1416849E+00  0.3951823E+00
 0.2798000E+01  0.1416844E+00  0.3951774E+00
 0.2800000E+01  0.1416838E+00  0.3951727E+00
 0.2802000E+01  0.1416833E+00  0.3951681E+00
 0.2804000E+01  0.1416827E+00  0.3951635E+00
 0.2806000E+01  0.1416821E+00  0.3951590E+00
 0.2808000E+01  0.1416815E+00  0.3951547E+00
 0.2810000E+01  0.1416808E+00  0.3951504E+00
 0.2812000E+01  0.1416802E+00  0.3951462E+00
 0.2814000E+01  0.1416796E+00  0.3951421E+00
 0.2816000E+01  0.1416789E+00  0.3951380E+00
 0.2818000E+01  0.1416782E+00  0.3951341E+00
 0.2820000E+01  0.1416775E+00  0.3951302E+00
 0.2822000E+01  0.1416769E+00  0.3951264E+00
 0.2824000E+01  0.1416762E+00  0.3951228E+00
 0.2826000E+01  0.1416754E+00  0.3951191E+00
 0.2828000E+01  0.1416747E+00  0.3951156E+00
 0.2830000E+01  0.1416740E+00  0.3951122E+00
 0.2832000E+01  0.1416732E+00  0.3951088E+00
 0.2834000E+01  0.1416725E+00  0.3951055E+00
 0.2836000E+01  0.1416717E+00  0.3951023E+00
 0.2838000E+01  0.1416709E+00  0.3950992E+00
 0.2840000E+01  0.1416702E+00  0.3950961E+00
 0.2842000E+01  0.1416694E+00  0.3950932E+00
 0.2844000E+01  0.1416686E+00  0.3950903E+00
 0.2846000E+01  0.1416678E+00  0.3950875E+00
 0.2848000E+01  0.1416670E+00  0.3950847E+00
 0.2850000E+01  0.1416662E+00  0.3950820E+00
 0.2852000E+01  0.1416653E+00  0.3950795E+00
 0.2854000E+01  0.1416645E+00  0.3950769E+00
 0.2856000E+01  0.1416637E+00  0.3950745E+00
 0.2858000E+01  0.1416628E+00  0.3950721E+00
 0.2860000E+01  0.1416620E+00  0.3950698E+00
 0.2862000E+01  0.1416611E+00  0.3950676E+00
 0.2864000E+01  0.1416603E+00  0.3950654E+00
 0.2866000E+01  0.1416594E+00  0.3950633E+00
 0.2868000E+01  0.1416586E+00  0.3950613E+00
 0.2870000E+01  0.1416577E+00  0.3950593E+00
 0.2872000E+01  0.1416568E+00  0.3950574E+00
 0.2874000E+01  0.1416560E+00  0.3950556E+00
 0.2876000E+01  0.1416551E+00  0.3950538E+00
 0.2878000E+01  0.1416542E+00  0.3950521E+00
 0.2880000E+01  0.1416533E+00  0.3950505E+00
 0.2882000E+01  0.1416524E+00  0.3950489E+00
 0.2884000E+01  0.1416516E+00  0.3950474E+00
 0.2886000E+01  0.1416507E+00  0.3950460E+00
 0.2888000E+01  0.1416498E+00  0.3950446E+00
 0.2890000E+01  0.1416489E+00  0.3950432E+00
 0.2892000E+01  0.1416480E+00  0.3950419E+00
 0.2894000E+01  0.1416471E+00  0.3950407E+00
 0.2896000E+01  0.1416462E+00  0.3950395E+00
 0.2898000E+01  0.1416453E+00  0.3950384E+00
 0.2900000E+01  0.1416445E+00  0.3950373E+00
 0.2902000E+01  0.1416436E+00  0.3950363E+00
 0.2904000E+01  0.1416427E+00  0.3950354E+00
 0.2906000E+01  0.1416418E+00  0.3950345E+00
 0.2908000E+01  0.1416409E+00  0.3950336E+00
 0.2910000E+01  0.1416400E+00  0.3950328E+00
 0.2912000E+01  0.1416392E+00  0.3950320E+00
 0.2914000E+01  0.1416383E+00  0.3950313E+00
 0.2916000E+01  0.1416374E+00  0.3950306E+00
 0.2918000E+01  0.1416365E+00  0.3950300E+00
 0.2920000E+01  0.1416357E+00  0.3950294E+00
 0.2922000E+01  0.1416348E+00  0.3950289E+00
 0.2924000E+01  0.1416339E+00  0.3950284E+00
 0.2926000E+01  0.1416331E+00  0.3950279E+00
 0.2928000E+01  0.1416322E+00  0.3950275E+00
 0.2930000E+01  0.1416314E+00  0.3950271E+00
 0.2932000E+01  0.1416305E+00  0.3950267E+00
 0.2934000E+01  0.1416297E+00  0.3950264E+00
 0.2936000E+01  0.1416288E+00  0.3950262E+00
 0.2938000E+01  0.1416280E+00  0.3950259E+00
 0.2940000E+01  0.1416272E+00  0.3950257E+00
 0.2942000E+01  0.1416263E+00  0.3950256E+00
 0.2944000E+01  0.1416255E+00  0.3950254E+00
 0.2946000E+01  0.1416247E+00  0.3950253E+00
 0.2948000E+01  0.1416239E+00  0.3950252E+00
 0.2950000E+01  0.1416231E+00  0.3950252E+00
 0.2952000E+01  0.1416223E+00  0.3950252E+00
 0.2954000E+01  0.1416215E+00  0.3950252E+00
 0.2956000E+01  0.1416207E+00  0.3950252E+00
 0.2958000E+01  0.1416199E+00  0.3950253E+00
 0.2960000E+01  0.1416192E+00  0.3950253E+00
 0.2962000E+01  0.1416184E+00  0.3950255E+00
 0.2964000E+01  0.1416177E+00  0.3950256E+00
 0.2966000E+01  0.1416169E+00  0.3950257E+00
 0.2968000E+01  0.1416162E+00  0.3950259E+00
 0.2970000E+01  0.1416154E+00  0.3950261E+00
 0.2972000E+01  0.1416147E+00  0.3950263E+00
 0.2974000E+01  0.1416140E+00  0.3950265E+00
 0.2976000E+01  0.1416133E+00  0.3950268E+00
 0.2978000E+01  0.1416126E+00  0.3950271E+00
 0.2980000E+01  0.1416119E+00  0.3950273E+00
 0.2982000E+01  0.1416112E+00  0.3950276E+00
 0.2984000E+01  0.1416105E+00  0.3950279E+00
 0.2986000E+01  0.1416099E+00  0.3950283E+00
 0.2988000E+01  0.1416092E+00  0.3950286E+00
 0.2990000E+01  0.1416086E+00  0.3950290E+00
 0.2992000E+01  0.1416079E+00  0.3950293E+00
 0.2994000E+01  0.1416073E+00  0.3950297E+00
 0.2996000E+01  0.1416067E+00  0.3950301E+00
 0.2998000E+01  0.1416061E+00  0.3950304E+00
 0.3000000E+01  0.1416054E+00  0.3950308E+00
 0.3002000E+01  0.1416049E+00  0.3950312E+00
 0.3004000E+01  0.1416043E+00  0.3950316E+00
 0.3006000E+01  0.1416037E+00  0.3950321E+00
 0.3008000E+01  0.1416031E+00  0.3950325E+00
 0.3010000E+01  0.1416026E+00  0.3950329E+00
 0.3012000E+01  0.1416020E+00  0.3950333E+00
 0.3014000E+01  0.1416015E+00  0.3950338E+00
 0.3016000E+01  0.1416010E+00  0.3950342E+00
 0.3018000E+01  0.1416005E+00  0.3950346E+00
 0.3020000E+01  0.1416000E+00  0.3950350E+00
 0.3022000E+01  0.1415995E+00  0.3950355E+00
 0.3024000E+01  0.1415990E+00  0.3950359E+00
 0.3026000E+01  0.1415985E+00  0.3950363E+00
 0.3028000E+01  0.1415980E+00  0.3950368E+00
 0.3030000E+01  0.1415976E+00  0.3950372E+00
 0.3032000E+01  0.1415971E+00  0.3950376E+00
 0.3034000E+01  0.1415967E+00  0.3950380E+00
 0.3036000E+01  0.1415963E+00  0.3950384E+00
 0.3038000E+01  0.1415959E+00  0.3950388E+00
 0.3040000E+01  0.1415955E+00  0.3950392E+00
 0.3042000E+01  0.1415951E+00  0.3950396E+00
 0.3044000E+01  0.1415947E+00  0.3950400E+00
 0.3046000E+01  0.1415943E+00  0.3950404E+00
 0.3048000E+01  0.1415940E+00  0.3950408E+00
 0.3050000E+01  0.1415936E+00  0.3950412E+00
 0.3052000E+01  0.1415933E+00  0.3950415E+00
 0.3054000E+01  0.1415930E+00  0.3950419E+00
 0.3056000E+01  0.1415927E+00  0.3950422E+00
 0.3058000E+01  0.1415924E+00  0.3950425E+00
 0.3060000E+01  0.1415921E+00  0.3950428E+00
 0.3062000E+01  0.1415918E+00  0.3950432E+00
 0.3064000E+01  0.1415915E+00  0.3950434E+00
 0.3066000E+01  0.1415913E+00  0.3950437E+00
 0.3068000E+01  0.1415910E+00  0.3950440E+00
 0.3070000E+01  0.1415908E+00  0.3950443E+00
 0.3072000E+01  0.1415905E+00  0.3950445E+00
 0.3074000E+01  0.1415903E+00  0.3950447E+00
 0.3076000E+01  0.1415901E+00  0.3950450E+00
 0.3078000E+01  0.1415899E+00  0.3950452E+00
 0.3080000E+01  0.1415897E+00  0.3950453E+00
 0.3082000E+01  0.1415896E+00  0.3950455E+00
 0.3084000E+01  0.1415894E+00  0.3950457E+00
 0.3086000E+01  0.1415893E+00  0.3950458E+00
 0.3088000E+01  0.1415891E+00  0.3950459E+00
 0.3090000E+01  0.1415890E+00  0.3950461E+00
 0.3092000E+01  0.1415889E+00  0.3950461E+00
 0.3094000E+01  0.1415887E+00  0.3950462E+00
 0.3096000E+01  0.1415886E+00  0.3950463E+00
 0.3098000E+01  0.1415885E+00  0.3950463E+00
 0.3100000E+01  0.1415885E+00  0.3950463E+00
 0.3102000E+01  0.1415884E+00  0.3950464E+00
 0.3104000E+01  0.1415883E+00  0.3950463E+00
 0.3106000E+01  0.1415883E+00  0.3950463E+00
 0.3108000E+01  0.1415882E+00  0.3950463E+00
 0.3110000E+01  0.1415882E+00  0.3950462E+00
 0.3112000E+01  0.1415882E+00  0.3950461E+00
 0.3114000E+01  0.1415882E+00  0.3950460E+00
 0.3116000E+01  0.1415882E+00  0.3950459E+00
 0.3118000E+01  0.1415882E+00  0.3950458E+00
 0.3120000E+01  0.1415882E+00  0.3950456E+00
 0.3122000E+01  0.1415882E+00  0.3950454E+00
 0.3124000E+01  0.1415883E+00  0.3950452E+00
 0.3126000E+01  0.1415883E+00  0.3950450E+00
 0.3128000E+01  0.1415884E+00  0.3950448E+00
 0.3130000E+01  0.1415884E+00  0.3950445E+00
 0.3132000E+01  0.1415885E+00  0.3950442E+00
 0.3134000E+01  0.1415886E+00  0.3950439E+00
 0.3136000E+01  0.1415887E+00  0.3950436E+00
 0.3138000E+01  0.1415888E+00  0.3950433E+00
 0.3140000E+01  0.1415889E+00  0.3950429E+00
 0.3142000E+01  0.1415890E+00  0.3950425E+00
 0.3144000E+01  0.1415891E+00  0.3950421E+00
 0.3146000E+01  0.1415893E+00  0.3950417E+00
 0.3148000E+01  0.1415894E+00  0.3950413E+00
 0.3150000E+01  0.1415896E+00  0.3950408E+00
 0.3152000E+01  0.1415897E+00  0.3950403E+00
 0.3154000E+01  0.1415899E+00  0.3950398E+00
 0.3156000E+01  0.1415901E+00  0.3950393E+00
 0.3158000E+01  0.1415903E+00  0.3950388E+00
 0.3160000E+01  0.1415905E+00  0.3950382E+00
 0.3162000E+01  0.1415907E+00  0.3950376E+00
 0.3164000E+01  0.1415909E+00  0.3950371E+00
 0.3166000E+01  0.1415911E+00  0.3950364E+00
 0.3168000E+01  0.1415913E+00  0.3950358E+00
 0.3170000E+01  0.1415915E+00  0.3950351E+00
 0.3172000E+01  0.1415918E+00  0.3950345E+00
 0.3174000E+01  0.1415920E+00  0.3950338E+00
 0.3176000E+01  0.1415923E+00  0.3950331E+00
 0.3178000E+01  0.1415925E+00  0.3950323E+00
 0.3180000E+01  0.1415928E+00  0.3950316E+00
 0.3182000E+01  0.1415931E+00  0.3950308E+00
 0.3184000E+01  0.1415933E+00  0.3950300E+00
 0.3186000E+01  0.1415936E+00  0.3950292E+00
 0.3188000E+01  0.1415939E+00  0.3950284E+00
 0.3190000E+01  0.1415942E+00  0.3950275E+00
 0.3192000E+01  0.1415945E+00  0.3950267E+00
 0.3194000E+01  0.1415948E+00  0.3950258E+00
 0.3196000E+01  0.1415951E+00  0.3950249E+00
 0.3198000E+01  0.1415955E+00  0.3950240E+00
 0.3200000E+01  0.1415958E+00  0.3950230E+00
 0.3202000E+01  0.1415961E+00  0.3950221E+00
 0.3204000E+01  0.1415965E+00  0.3950211E+00
 0.3206000E+01  0.1415968E+00  0.3950201E+00
 0.3208000E+01  0.1415971E+00  0.3950191E+00
 0.3210000E+01  0.1415975E+00  0.3950181E+00
 0.3212000E+01  0.1415979E+00  0.3950171E+00
 0.3214000E+01  0.1415982E+00  0.3950160E+00
 0.3216000E+01  0.1415986E+00  0.3950149E+00
 0.3218000E+01  0.1415990E+00  0.3950139E+00
 0.3220000E+01  0.1415993E+00  0.3950128E+00
 0.3222000E+01  0.1415997E+00  0.3950116E+00
 0.3224000E+01  0.1416001E+00  0.3950105E+00
 0.3226000E+01  0.1416005E+00  0.3950094E+00
 0.3228000E+01  0.1416009E+00  0.3950082E+00
 0.3230000E+01  0.1416013E+00  0.3950071E+00
 0.3232000E+01  0.1416017E+00  0.3950059E+00
 0.3234000E+01  0.1416021E+00  0.3950047E+00
 0.3236000E+01  0.1416025E+00  0.3950035E+00
 0.3238000E+01  0.1416029E+00  0.3950022E+00
 0.3240000E+01  0.1416033E+00  0.3950010E+00
 0.3242000E+01  0.1416038E+00  0.3949997E+00
 0.3244000E+01  0.1416042E+00  0.3949985E+00
 0.3246000E+01  0.1416046E+00  0.3949972E+00
 0.3248000E+01  0.1416050E+00  0.3949959E+00
 0.3250000E+01  0.1416055E+00  0.3949946E+00
 0.3252000E+01  0.1416059E+00  0.3949933E+00
 0.3254000E+01  0.1416063E+00  0.3949920E+00
 0.3256000E+01  0.1416068E+00  0.3949907E+00
 0.3258000E+01  0.1416072E+00  0.3949893E+00
 0.3260000E+01  0.1416077E+00  0.3949880E+00
 0.3262000E+01  0.1416081E+00  0.3949866E+00
 0.3264000E+01  0.1416086E+00  0.3949853E+00
 0.3266000E+01  0.1416090E+00  0.3949839E+00
 0.3268000E+01  0.1416095E+00  0.3949825E+00
 0.3270000E+01  0.1416099E+00  0.3949811E+00
 0.3272000E+01  0.1416104E+00  0.3949797E+00
 0.3274000E+01  0.1416108E+00  0.3949783E+00
 0.3276000E+01  0.1416113E+00  0.3949769E+00
 0.3278000E+01  0.1416118E+00  0.3949754E+00
 0.3280000E+01  0.1416122E+00  0.3949740E+00
 0.3282000E+01  0.1416127E+00  0.3949726E+00
 0.3284000E+01  0.1416132E+00  0.3949711E+00
 0.3286000E+01  0.1416136E+00  0.3949697E+00
 0.3288000E+01  0.1416141E+00  0.3949682E+00
 0.3290000E+01  0.1416146E+00  0.3949667E+00
 0.3292000E+01  0.1416150E+00  0.3949653E+00
 0.3294000E+01  0.1416155E+00  0.3949638E+00
 0.3296000E+01  0.1416160E+00  0.3949623E+00
 0.3298000E+01  0.1416164E+00  0.3949608E+00
 0.3300000E+01  0.1416169E+00  0.3949594E+00
 0.3302000E+01  0.1416174E+00  0.3949579E+00
 0.3304000E+01  0.1416178E+00  0.3949564E+00
 0.3306000E+01  0.1416183E+00  0.3949549E+00
 0.3308000E+01  0.1416188E+00  0.3949534E+00
 0.3310000E+01  0.1416192E+00  0.3949519E+00
 0.3312000E+01  0.1416197E+00  0.3949504E+00
 0.3314000E+01  0.1416202E+00  0.3949489E+00
 0.3316000E+01  0.1416206E+00  0.3949474E+00
 0.3318000E+01  0.1416211E+00  0.3949458E+00
 0.3320000E+01  0.1416216E+00  0.3949443E+00
 0.3322000E+01  0.1416220E+00  0.3949428E+00
 0.3324000E+01  0.1416225E+00  0.3949413E+00
 0.3326000E+01  0.1416230E+00  0.3949398E+00
 0.3328000E+01  0.1416234E+00  0.3949383E+00
 0.3330000E+01  0.1416239E+00  0.3949368E+00
 0.3332000E+01  0.1416244E+00  0.3949353E+00
 0.3334000E+01  0.1416248E+00  0.3949337E+00
 0.3336000E+01  0.1416253E+00  0.3949322E+00
 0.3338000E+01  0.1416257E+00  0.3949307E+00
 0.3340000E+01  0.1416262E+00  0.3949292E+00
 0.3342000E+01  0.1416267E+00  0.3949277E+00
 0.3344000E+01  0.1416271E+00  0.3949262E+00
 0.3346000E+01  0.1416276E+00  0.3949247E+00
 0.3348000E+01  0.1416280E+00  0.3949232E+00
 0.3350000E+01  0.1416285E+00  0.3949217E+00
 0.3352000E+01  0.1416289E+00  0.3949202E+00
 0.3354000E+01  0.1416294E+00  0.3949187E+00
 0.3356000E+01  0.1416298E+00  0.3949172E+00
 0.3358000E+01  0.1416302E+00  0.3949158E+00
 0.3360000E+01  0.1416307E+00  0.3949143E+00
 0.3362000E+01  0.1416311E+00  0.3949128E+00
 0.3364000E+01  0.1416316E+00  0.3949113E+00
 0.3366000E+01  0.1416320E+00  0.3949099E+00
 0.3368000E+01  0.1416324E+00  0.3949084E+00
 0.3370000E+01  0.1416328E+00  0.3949070E+00
 0.3372000E+01  0.1416333E+00  0.3949055E+00
 0.3374000E+01  0.1416337E+00  0.3949041E+00
 0.3376000E+01  0.1416341E+00  0.3949026E+00
 0.3378000E+01  0.1416345E+00  0.3949012E+00
 0.3380000E+01  0.1416349E+00  0.3948998E+00
 0.3382000E+01  0.1416354E+00  0.3948983E+00
 0.3384000E+01  0.1416358E+00  0.3948969E+00
 0.3386000E+01  0.1416362E+00  0.3948955E+00
 0.3388000E+01  0.1416366E+00  0.3948941E+00
 0.3390000E+01  0.1416370E+00  0.3948927E+00
 0.3392000E+01  0.1416374E+00  0.3948914E+00
 0.3394000E+01  0.1416378E+00  0.3948900E+00
 0.3396000E+01  0.1416382E+00  0.3948886E+00
 0.3398000E+01  0.1416386E+00  0.3948873E+00
 0.3400000E+01  0.1416389E+00  0.3948859E+00
 0.3402000E+01  0.1416393E+00  0.3948846E+00
 0.3404000E+01  0.1416397E+00  0.3948832E+00
 0.3406000E+01  0.1416401E+00  0.3948819E+00
 0.3408000E+01  0.1416405E+00  0.3948806E+00
 0.3410000E+01  0.1416408E+00  0.3948793E+00
 0.3412000E+01  0.1416412E+00  0.3948780E+00
 0.3414000E+01  0.1416416E+00  0.3948767E+00
 0.3416000E+01  0.1416419E+00  0.3948754E+00
 0.3418000E+01  0.1416423E+00  0.3948741E+00
 0.3420000E+01  0.1416426E+00  0.3948729E+00
 0.3422000E+01  0.1416430E+00  0.3948716E+00
 0.3424000E+01  0.1416433E+00  0.3948704E+00
 0.3426000E+01  0.1416437E+00  0.3948691E+00
 0.3428000E+01  0.1416440E+00  0.3948679E+00
 0.3430000E+01  0.1416444E+00  0.3948667E+00
 0.3432000E+01  0.1416447E+00  0.3948655E+00
 0.3434000E+01  0.1416450E+00  0.3948643E+00
 0.3436000E+01  0.1416454E+00  0.3948631E+00
 0.3438000E+01  0.1416457E+00  0.3948619E+00
 0.3440000E+01  0.1416460E+00  0.3948608E+00
 0.3442000E+01  0.1416463E+00  0.3948596E+00
 0.3444000E+01  0.1416466E+00  0.3948585E+00
 0.3446000E+01  0.1416470E+00  0.3948574E+00
 0.3448000E+01  0.1416473E+00  0.3948563E+00
 0.3450000E+01  0.1416476E+00  0.3948551E+00
 0.3452000E+01  0.1416479E+00  0.3948541E+00
 0.3454000E+01  0.1416482E+00  0.3948530E+00
 0.3456000E+01  0.1416485E+00  0.3948519E+00
 0.3458000E+01  0.1416487E+00  0.3948508E+00
 0.3460000E+01  0.1416490E+00  0.3948498E+00
 0.3462000E+01  0.1416493E+00  0.3948487E+00
 0.3464000E+01  0.1416496E+00  0.3948477E+00
 0.3466000E+01  0.1416499E+00  0.3948467E+00
 0.3468000E+01  0.1416501E+00  0.3948457E+00
 0.3470000E+01  0.1416504E+00  0.3948447E+00
 0.3472000E+01  0.1416507E+00  0.3948437E+00
 0.3474000E+01  0.1416509E+00  0.3948428E+00
 0.3476000E+01  0.1416512E+00  0.3948418E+00
 0.3478000E+01  0.1416514E+00  0.3948409E+00
 0.3480000E+01  0.1416517E+00  0.3948399E+00
 0.3482000E+01  0.1416519E+00  0.3948390E+00
 0.3484000E+01  0.1416522E+00  0.3948381E+00
 0.3486000E+01  0.1416524E+00  0.3948372E+00
 0.3488000E+01  0.1416526E+00  0.3948363E+00
 0.3490000E+01  0.1416529E+00  0.3948354E+00
 0.3492000E+01  0.1416531E+00  0.3948346E+00
 0.3494000E+01  0.1416533E+00  0.3948337E+00
 0.3496000E+01  0.1416535E+00  0.3948329E+00
 0.3498000E+01  0.1416538E+00  0.3948321E+00
 0.3500000E+01  0.1416540E+00  0.3948313E+00
 0.3502000E+01  0.1416542E+00  0.3948305E+00
 0.3504000E+01  0.1416544E+00  0.3948297E+00
 0.3506000E+01  0.1416546E+00  0.3948289E+00
 0.3508000E+01  0.1416548E+00  0.3948281E+00
 0.3510000E+01  0.1416550E+00  0.3948274E+00
 0.3512000E+01  0.1416552E+00  0.3948266E+00
 0.3514000E+01  0.1416554E+00  0.3948259E+00
 0.3516000E+01  0.1416555E+00  0.3948252E+00
 0.3518000E+01  0.1416557E+00  0.3948245E+00
 0.3520000E+01  0.1416559E+00  0.3948238E+00
 0.3522000E+01  0.1416561E+00  0.3948231E+00
 0.3524000E+01  0.1416563E+00  0.3948224E+00
 0.3526000E+01  0.1416564E+00  0.3948217E+00
 0.3528000E+01  0.1416566E+00  0.3948211E+00
 0.3530000E+01  0.1416568E+00  0.3948204E+00
 0.3532000E+01  0.1416569E+00  0.3948198E+00
 0.3534000E+01  0.1416571E+00  0.3948192E+00
 0.3536000E+01  0.1416572E+00  0.3948186E+00
 0.3538000E+01  0.1416574E+00  0.3948180E+00
 0.3540000E+01  0.1416575E+00  0.3948174E+00
 0.3542000E+01  0.1416577E+00  0.3948168E+00
 0.3544000E+01  0.1416578E+00  0.3948163E+00
 0.3546000E+01  0.1416579E+00  0.3948157E+00
 0.3548000E+01  0.1416581E+00  0.3948152E+00
 0.3550000E+01  0.1416582E+00  0.3948146E+00
 0.3552000E+01  0.1416583E+00  0.3948141E+00
 0.3554000E+01  0.1416585E+00  0.3948136E+00
 0.3556000E+01  0.1416586E+00  0.3948131E+00
 0.3558000E+01  0.1416587E+00  0.3948126E+00
 0.3560000E+01  0.1416588E+00  0.3948121E+00
 0.3562000E+01  0.1416589E+00  0.3948117E+00
 0.3564000E+01  0.1416590E+00  0.3948112E+00
 0.3566000E+01  0.1416591E+00  0.3948108E+00
 0.3568000E+01  0.1416592E+00  0.3948103E+00
 0.3570000E+01  0.1416593E+00  0.3948099E+00
 0.3572000E+01  0.1416594E+00  0.3948095E+00
 0.3574000E+01  0.1416595E+00  0.3948091E+00
 0.3576000E+01  0.1416596E+00  0.3948087E+00
 0.3578000E+01  0.1416597E+00  0.3948083E+00
 0.3580000E+01  0.1416598E+00  0.3948079E+00
 0.3582000E+01  0.1416599E+00  0.3948075E+00
 0.3584000E+01  0.1416600E+00  0.3948071E+00
 0.3586000E+01  0.1416601E+00  0.3948068E+00
 0.3588000E+01  0.1416602E+00  0.3948064E+00
 0.3590000E+01  0.1416602E+00  0.3948061E+00
 0.3592000E+01  0.1416603E+00  0.3948058E+00
 0.3594000E+01  0.1416604E+00  0.3948055E+00
 0.3596000E+01  0.1416604E+00  0.3948051E+00
 0.3598000E+01  0.1416605E+00  0.3948048E+00
 0.3600000E+01  0.1416606E+00  0.3948045E+00
 0.3602000E+01  0.1416606E+00  0.3948043E+00
 0.3604000E+01  0.1416607E+00  0.3948040E+00
 0.3606000E+01  0.1416608E+00  0.3948037E+00
 0.3608000E+01  0.1416608E+00  0.3948034E+00
 0.3610000E+01  0.1416609E+00  0.3948032E+00
 0.3612000E+01  0.1416609E+00  0.3948029E+00
 0.3614000E+01  0.1416610E+00  0.3948027E+00
 0.3616000E+01  0.1416610E+00  0.3948024E+00
 0.3618000E+01  0.1416611E+00  0.3948022E+00
 0.3620000E+01  0.1416611E+00  0.3948020E+00
 0.3622000E+01  0.1416612E+00  0.3948018E+00
 0.3624000E+01  0.1416612E+00  0.3948016E+00
 0.3626000E+01  0.1416612E+00  0.3948014E+00
 0.3628000E+01  0.1416613E+00  0.3948012E+00
 0.3630000E+01  0.1416613E+00  0.3948010E+00
 0.3632000E+01  0.1416613E+00  0.3948008E+00
 0.3634000E+01  0.1416614E+00  0.3948006E+00
 0.3636000E+01  0.1416614E+00  0.3948005E+00
 0.3638000E+01  0.1416614E+00  0.3948003E+00
 0.3640000E+01  0.1416615E+00  0.3948001E+00
 0.3642000E+01  0.1416615E+00  0.3948000E+00
 0.3644000E+01  0.1416615E+00  0.3947998E+00
 0.3646000E+01  0.1416615E+00  0.3947997E+00
 0.3648000E+01  0.1416616E+00  0.3947995E+00
 0.3650000E+01  0.1416616E+00  0.3947994E+00
 0.3652000E+01  0.1416616E+00  0.3947993E+00
 0.3654000E+01  0.1416616E+00  0.3947992E+00
 0.3656000E+01  0.1416616E+00  0.3947990E+00
 0.3658000E+01  0.1416617E+00  0.3947989E+00
 0.3660000E+01  0.1416617E+00  0.3947988E+00
 0.3662000E+01  0.1416617E+00  0.3947987E+00
 0.3664000E+01  0.1416617E+00  0.3947986E+00
 0.3666000E+01  0.1416617E+00  0.3947985E+00
 0.3668000E+01  0.1416617E+00  0.3947984E+00
 0.3670000E+01  0.1416617E+00  0.3947983E+00
 0.3672000E+01  0.1416617E+00  0.3947983E+00
 0.3674000E+01  0.1416617E+00  0.3947982E+00
 0.3676000E+01  0.1416617E+00  0.3947981E+00
 0.3678000E+01  0.1416617E+00  0.3947980E+00
 0.3680000E+01  0.1416617E+00  0.3947980E+00
 0.3682000E+01  0.1416618E+00  0.3947979E+00
 0.3684000E+01  0.1416618E+00  0.3947978E+00
 0.3686000E+01  0.1416618E+00  0.3947978E+00
 0.3688000E+01  0.1416618E+00  0.3947977E+00
 0.3690000E+01  0.1416618E+00  0.3947976E+00
 0.3692000E+01  0.1416618E+00  0.3947976E+00
 0.3694000E+01  0.1416618E+00  0.3947975E+00
 0.3696000E+01  0.1416618E+00  0.3947975E+00
 0.3698000E+01  0.1416618E+00  0.3947974E+00
 0.3700000E+01  0.1416617E+00  0.3947974E+00
 0.3702000E+01  0.1416617E+00  0.3947974E+00
 0.3704000E+01  0.1416617E+00  0.3947973E+00
 0.3706000E+01  0.1416617E+00  0.3947973E+00
 0.3708000E+01  0.1416617E+00  0.3947972E+00
 0.3710000E+01  0.1416617E+00  0.3947972E+00
 0.3712000E+01  0.1416617E+00  0.3947972E+00
 0.3714000E+01  0.1416617E+00  0.3947971E+00
 0.3716000E+01  0.1416617E+00  0.3947971E+00
 0.3718000E+01  0.1416617E+00  0.3947971E+00
 0.3720000E+01  0.1416617E+00  0.3947971E+00
 0.3722000E+01  0.1416617E+00  0.3947970E+00
 0.3724000E+01  0.1416617E+00  0.3947970E+00
 0.3726000E+01  0.1416617E+00  0.3947970E+00
 0.3728000E+01  0.1416617E+00  0.3947970E+00
 0.3730000E+01  0.1416617E+00  0.3947969E+00
 0.3732000E+01  0.1416616E+00  0.3947969E+00
 0.3734000E+01  0.1416616E+00  0.3947969E+00
 0.3736000E+01  0.1416616E+00  0.3947969E+00
 0.3738000E+01  0.1416616E+00  0.3947968E+00
 0.3740000E+01  0.1416616E+00  0.3947968E+00
 0.3742000E+01  0.1416616E+00  0.3947968E+00
 0.3744000E+01  0.1416616E+00  0.3947968E+00
 0.3746000E+01  0.1416616E+00  0.3947967E+00
 0.3748000E+01  0.1416616E+00  0.3947967E+00
 0.3750000E+01  0.1416616E+00  0.3947967E+00
 0.3752000E+01  0.1416616E+00  0.3947967E+00
 0.3754000E+01  0.1416615E+00  0.3947967E+00
 0.3756000E+01  0.1416615E+00  0.3947966E+00
 0.3758000E+01  0.1416615E+00  0.3947966E+00
 0.3760000E+01  0.1416615E+00  0.3947966E+00
 0.3762000E+01  0.1416615E+00  0.3947966E+00
 0.3764000E+01  0.1416615E+00  0.3947965E+00
 0.3766000E+01  0.1416615E+00  0.3947965E+00
 0.3768000E+01  0.1416615E+00  0.3947965E+00
 0.3770000E+01  0.1416615E+00  0.3947965E+00
 0.3772000E+01  0.1416615E+00  0.3947964E+00
 0.3774000E+01  0.1416615E+00  0.3947964E+00
 0.3776000E+01  0.1416615E+00  0.3947964E+00
 0.3778000E+01  0.1416615E+00  0.3947963E+00
 0.3780000E+01  0.1416615E+00  0.3947963E+00
 0.3782000E+01  0.1416614E+00  0.3947963E+00
 0.3784000E+01  0.1416614E+00  0.3947962E+00
 0.3786000E+01  0.1416614E+00  0.3947962E+00
 0.3788000E+01  0.1416614E+00  0.3947961E+00
 0.3790000E+01  0.1416614E+00  0.3947961E+00
 0.3792000E+01  0.1416614E+00  0.3947961E+00
 0.3794000E+01  0.1416614E+00  0.3947960E+00
 0.3796000E+01  0.1416614E+00  0.3947960E+00
 0.3798000E+01  0.1416614E+00  0.3947959E+00
 0.3800000E+01  0.1416614E+00  0.3947959E+00
 0.3802000E+01  0.1416614E+00  0.3947958E+00
 0.3804000E+01  0.1416614E+00  0.3947958E+00
 0.3806000E+01  0.1416614E+00  0.3947957E+00
 0.3808000E+01  0.1416614E+00  0.3947957E+00
 0.3810000E+01  0.1416614E+00  0.3947956E+00
 0.3812000E+01  0.1416614E+00  0.3947955E+00
 0.3814000E+01  0.1416614E+00  0.3947955E+00
 0.3816000E+01  0.1416614E+00  0.3947954E+00
 0.3818000E+01  0.1416614E+00  0.3947953E+00
 0.3820000E+01  0.1416614E+00  0.3947953E+00
 0.3822000E+01  0.1416614E+00  0.3947952E+00
 0.3824000E+01  0.1416614E+00  0.3947951E+00
 0.3826000E+01  0.1416615E+00  0.3947950E+00
 0.3828000E+01  0.1416615E+00  0.3947950E+00
 0.3830000E+01  0.1416615E+00  0.3947949E+00
 0.3832000E+01  0.1416615E+00  0.3947948E+00
 0.3834000E+01  0.1416615E+00  0.3947947E+00
 0.3836000E+01  0.1416615E+00  0.3947946E+00
 0.3838000E+01  0.1416615E+00  0.3947945E+00
 0.3840000E+01  0.1416615E+00  0.3947945E+00
 0.3842000E+01  0.1416615E+00  0.3947944E+00
 0.3844000E+01  0.1416615E+00  0.3947943E+00
 0.3846000E+01  0.1416615E+00  0.3947942E+00
 0.3848000E+01  0.1416616E+00  0.3947941E+00
 0.3850000E+01  0.1416616E+00  0.3947940E+00
 0.3852000E+01  0.1416616E+00  0.3947938E+00
 0.3854000E+01  0.1416616E+00  0.3947937E+00
 0.3856000E+01  0.1416616E+00  0.3947936E+00
 0.3858000E+01  0.1416616E+00  0.3947935E+00
 0.3860000E+01  0.1416617E+00  0.3947934E+00
 0.3862000E+01  0.1416617E+00  0.3947933E+00
 0.3864000E+01  0.1416617E+00  0.3947932E+00
 0.3866000E+01  0.1416617E+00  0.3947930E+00
 0.3868000E+01  0.1416617E+00  0.3947929E+00
 0.3870000E+01  0.1416618E+00  0.3947928E+00
 0.3872000E+01  0.1416618E+00  0.3947926E+00
 0.3874000E+01  0.1416618E+00  0.3947925E+00
 0.3876000E+01  0.1416618E+00  0.3947924E+00
 0.3878000E+01  0.1416618E+00  0.3947922E+00
 0.3880000E+01  0.1416619E+00  0.3947921E+00
 0.3882000E+01  0.1416619E+00  0.3947919E+00
 0.3884000E+01  0.1416619E+00  0.3947918E+00
 0.3886000E+01  0.1416619E+00  0.3947917E+00
 0.3888000E+01  0.1416620E+00  0.3947915E+00
 0.3890000E+01  0.1416620E+00  0.3947913E+00
 0.3892000E+01  0.1416620E+00  0.3947912E+00
 0.3894000E+01  0.1416621E+00  0.3947910E+00
 0.3896000E+01  0.1416621E+00  0.3947909E+00
 0.3898000E+01  0.1416621E+00  0.3947907E+00
 0.3900000E+01  0.1416621E+00  0.3947905E+00
 0.3902000E+01  0.1416622E+00  0.3947904E+00
 0.3904000E+01  0.1416622E+00  0.3947902E+00
 0.3906000E+01  0.1416622E+00  0.3947900E+00
 0.3908000E+01  0.1416623E+00  0.3947899E+00
 0.3910000E+01  0.1416623E+00  0.3947897E+00
 0.3912000E+01  0.1416624E+00  0.3947895E+00
 0.3914000E+01  0.1416624E+00  0.3947893E+00
 0.3916000E+01  0.1416624E+00  0.3947891E+00
 0.3918000E+01  0.1416625E+00  0.3947890E+00
 0.3920000E+01  0.1416625E+00  0.3947888E+00
 0.3922000E+01  0.1416625E+00  0.3947886E+00
 0.3924000E+01  0.1416626E+00  0.3947884E+00
 0.3926000E+01  0.1416626E+00  0.3947882E+00
 0.3928000E+01  0.1416627E+00  0.3947880E+00
 0.3930000E+01  0.1416627E+00  0.3947878E+00
 0.3932000E+01  0.1416627E+00  0.3947876E+00
 0.3934000E+01  0.1416628E+00  0.3947874E+00
 0.3936000E+01  0.1416628E+00  0.3947872E+00
 0.3938000E+01  0.1416629E+00  0.3947870E+00
 0.3940000E+01  0.1416629E+00  0.3947868E+00
 0.3942000E+01  0.1416630E+00  0.3947866E+00
 0.3944000E+01  0.1416630E+00  0.3947863E+00
 0.3946000E+01  0.1416631E+00  0.3947861E+00
 0.3948000E+01  0.1416631E+00  0.3947859E+00
 0.3950000E+01  0.1416632E+00  0.3947857E+00
 0.3952000E+01  0.1416632E+00  0.3947855E+00
 0.3954000E+01  0.1416632E+00  0.3947853E+00
 0.3956000E+01  0.1416633E+00  0.3947850E+00
 0.3958000E+01  0.1416633E+00  0.3947848E+00
 0.3960000E+01  0.1416634E+00  0.3947846E+00
 0.3962000E+01  0.1416635E+00  0.3947844E+00
 0.3964000E+01  0.1416635E+00  0.3947841E+00
 0.3966000E+01  0.1416636E+00  0.3947839E+00
 0.3968000E+01  0.1416636E+00  0.3947837E+00
 0.3970000E+01  0.1416637E+00  0.3947834E+00
 0.3972000E+01  0.1416637E+00  0.3947832E+00
 0.3974000E+01  0.1416638E+00  0.3947830E+00
 0.3976000E+01  0.1416638E+00  0.3947827E+00
 0.3978000E+01  0.1416639E+00  0.3947825E+00
 0.3980000E+01  0.1416639E+00  0.3947822E+00
 0.3982000E+01  0.1416640E+00  0.3947820E+00
 0.3984000E+01  0.1416640E+00  0.3947818E+00
 0.3986000E+01  0.1416641E+00  0.3947815E+00
 0.3988000E+01  0.1416642E+00  0.3947813E+00
 0.3990000E+01  0.1416642E+00  0.3947810E+00
 0.3992000E+01  0.1416643E+00  0.3947808E+00
 0.3994000E+01  0.1416643E+00  0.3947805E+00
 0.3996000E+01  0.1416644E+00  0.3947803E+00
 0.3998000E+01  0.1416644E+00  0.3947800E+00
 0.4000000E+01  0.1416645E+00  0.3947798E+00
 0.4002000E+01  0.1416646E+00  0.3947795E+00
 0.4004000E+01  0.1416646E+00  0.3947793E+00
 0.4006000E+01  0.1416647E+00  0.3947790E+00
 0.4008000E+01  0.1416647E+00  0.3947788E+00
 0.4010000E+01  0.1416648E+00  0.3947785E+00
 0.4012000E+01  0.1416649E+00  0.3947783E+00
 0.4014000E+01  0.1416649E+00  0.3947780E+00
 0.4016000E+01  0.1416650E+00  0.3947777E+00
 0.4018000E+01  0.1416651E+00  0.3947775E+00
 0.4020000E+01  0.1416651E+00  0.3947772E+00
 0.4022000E+01  0.1416652E+00  0.3947770E+00
 0.4024000E+01  0.1416652E+00  0.3947767E+00
 0.4026000E+01  0.1416653E+00  0.3947765E+00
 0.4028000E+01  0.1416654E+00  0.3947762E+00
 0.4030000E+01  0.1416654E+00  0.3947759E+00
 0.4032000E+01  0.1416655E+00  0.3947757E+00
 0.4034000E+01  0.1416656E+00  0.3947754E+00
 0.4036000E+01  0.1416656E+00  0.3947752E+00
 0.4038000E+01  0.1416657E+00  0.3947749E+00
 0.4040000E+01  0.1416658E+00  0.3947746E+00
 0.4042000E+01  0.1416658E+00  0.3947744E+00
 0.4044000E+01  0.1416659E+00  0.3947741E+00
 0.4046000E+01  0.1416659E+00  0.3947739E+00
 0.4048000E+01  0.1416660E+00  0.3947736E+00
 0.4050000E+01  0.1416661E+00  0.3947733E+00
 0.4052000E+01  0.1416661E+00  0.3947731E+00
 0.4054000E+01  0.1416662E+00  0.3947728E+00
 0.4056000E+01  0.1416663E+00  0.3947726E+00
 0.4058000E+01  0.1416663E+00  0.3947723E+00
 0.4060000E+01  0.1416664E+00  0.3947720E+00
 0.4062000E+01  0.1416665E+00  0.3947718E+00
 0.4064000E+01  0.1416665E+00  0.3947715E+00
 0.4066000E+01  0.1416666E+00  0.3947713E+00
 0.4068000E+01  0.1416667E+00  0.3947710E+00
 0.4070000E+01  0.1416667E+00  0.3947708E+00
 0.4072000E+01  0.1416668E+00  0.3947705E+00
 0.4074000E+01  0.1416669E+00  0.3947702E+00
 0.4076000E+01  0.1416669E+00  0.3947700E+00
 0.4078000E+01  0.1416670E+00  0.3947697E+00
 0.4080000E+01  0.1416671E+00  0.3947695E+00
 0.4082000E+01  0.1416671E+00  0.3947692E+00
 0.4084000E+01  0.1416672E+00  0.3947690E+00
 0.4086000E+01  0.1416673E+00  0.3947687E+00
 0.4088000E+01  0.1416673E+00  0.3947685E+00
 0.4090000E+01  0.1416674E+00  0.3947682E+00
 0.4092000E+01  0.1416675E+00  0.3947680E+00
 0.4094000E+01  0.1416675E+00  0.3947677E+00
 0.4096000E+01  0.1416676E+00  0.3947675E+00
